8, 591, -1
      916625        661326
      917307        660717
      917321        660011
      916593        658655
      915924        657943
      915229        658550
      915888        660031
      916625        661326
6, 593, -1
      917337        661270
      918382        660677
      917794        659478
      916936        659027
      916237        659026
      917337        661270
6, 592, -1
      918436        653139
      919433        651624
      918739        650228
      917982        651282
      918376        653009
      918436        653139
