58,   0,  -2.8E003, ┬эхЇэшщ ъюэҐґЁ эхЄҐхэюёэюёҐш,,913000, 649500,2,TRUE,16711680,2,1, 6.00000023841858E-0001,2
 9.16244000000000E+0005    6.57841000000000E+0005
 9.16285000000000E+0005    6.57810000000000E+0005
 9.16295000000000E+0005    6.57801000000000E+0005
 9.16318000000000E+0005    6.57762000000000E+0005
 9.16340000000000E+0005    6.57725000000000E+0005
 9.16362000000000E+0005    6.57656000000000E+0005
 9.16376000000000E+0005    6.57578000000000E+0005
 9.16386000000000E+0005    6.57492000000000E+0005
 9.16392000000000E+0005    6.57414000000000E+0005
 9.16395000000000E+0005    6.57326000000000E+0005
 9.16404000000000E+0005    6.57251000000000E+0005
 9.16418000000000E+0005    6.57170000000000E+0005
 9.16438000000000E+0005    6.57095000000000E+0005
 9.16456000000000E+0005    6.57046000000000E+0005
 9.16476000000000E+0005    6.56989000000000E+0005
 9.16499000000000E+0005    6.56939000000000E+0005
 9.16524000000000E+0005    6.56906000000000E+0005
 9.16555000000000E+0005    6.56869000000000E+0005
 9.16590000000000E+0005    6.56844000000000E+0005
 9.16630000000000E+0005    6.56830000000000E+0005
 9.16672000000000E+0005    6.56825000000000E+0005
 9.16716000000000E+0005    6.56822000000000E+0005
 9.16766000000000E+0005    6.56825000000000E+0005
 9.16822000000000E+0005    6.56839000000000E+0005
 9.16872000000000E+0005    6.56861000000000E+0005
 9.16925000000000E+0005    6.56903000000000E+0005
 9.16970000000000E+0005    6.56956000000000E+0005
 9.16998000000000E+0005    6.57012000000000E+0005
 9.17026000000000E+0005    6.57087000000000E+0005
 9.17042000000000E+0005    6.57154000000000E+0005
 9.17056000000000E+0005    6.57232000000000E+0005
 9.17068000000000E+0005    6.57315000000000E+0005
 9.17073000000000E+0005    6.57374000000000E+0005
 9.17079000000000E+0005    6.57426000000000E+0005
 9.17084000000000E+0005    6.57478000000000E+0005
 9.17090000000000E+0005    6.57555000000000E+0005
 9.17104000000000E+0005    6.57650000000000E+0005
 9.17112000000000E+0005    6.57706000000000E+0005
 9.17126000000000E+0005    6.57771000000000E+0005
 9.17150000000000E+0005    6.57849000000000E+0005
 9.17182000000000E+0005    6.57934000000000E+0005
 9.17181000000000E+0005    6.57929000000000E+0005
 9.17206000000000E+0005    6.57979000000000E+0005
 9.17231000000000E+0005    6.58025000000000E+0005
 9.17233000000000E+0005    6.58029000000000E+0005
 9.17261000000000E+0005    6.58079000000000E+0005
 9.17282000000000E+0005    6.58114000000000E+0005
 9.17291000000000E+0005    6.58130000000000E+0005
 9.17325000000000E+0005    6.58180000000000E+0005
 9.17332000000000E+0005    6.58190000000000E+0005
 9.17360000000000E+0005    6.58230000000000E+0005
 9.17382000000000E+0005    6.58258000000000E+0005
 9.17398000000000E+0005    6.58280000000000E+0005
 9.17432000000000E+0005    6.58321000000000E+0005
 9.17440000000000E+0005    6.58330000000000E+0005
 9.17483000000000E+0005    6.58375000000000E+0005
 9.17488000000000E+0005    6.58380000000000E+0005
 9.17611000000000E+0005    6.58527000000000E+0005
217,   0,  -2.8E003, ┬эхЇэшщ ъюэҐґЁ эхЄҐхэюёэюёҐш,,913000, 649500,3,TRUE,16711680,2,1, 6.00000023841858E-0001,3
 9.17440000000000E+0005    6.58603000000000E+0005
 9.17509000000000E+0005    6.58675000000000E+0005
 9.17576000000000E+0005    6.58718000000000E+0005
 9.17621000000000E+0005    6.58745000000000E+0005
 9.17664000000000E+0005    6.58778000000000E+0005
 9.17709000000000E+0005    6.58816000000000E+0005
 9.17755000000000E+0005    6.58853000000000E+0005
 9.17798000000000E+0005    6.58891000000000E+0005
 9.17834000000000E+0005    6.58931000000000E+0005
 9.17861000000000E+0005    6.58976000000000E+0005
 9.17886000000000E+0005    6.59021000000000E+0005
 9.17908000000000E+0005    6.59068000000000E+0005
 9.17928000000000E+0005    6.59119000000000E+0005
 9.17949000000000E+0005    6.59173000000000E+0005
 9.17970000000000E+0005    6.59229000000000E+0005
 9.17989000000000E+0005    6.59284000000000E+0005
 9.18002000000000E+0005    6.59341000000000E+0005
 9.18009000000000E+0005    6.59398000000000E+0005
 9.18019000000000E+0005    6.59456000000000E+0005
 9.18037000000000E+0005    6.59511000000000E+0005
 9.18028000000000E+0005    6.59484000000000E+0005
 9.18046000000000E+0005    6.59539000000000E+0005
 9.18062000000000E+0005    6.59597000000000E+0005
 9.18077000000000E+0005    6.59653000000000E+0005
 9.18096000000000E+0005    6.59705000000000E+0005
 9.18118000000000E+0005    6.59753000000000E+0005
 9.18139000000000E+0005    6.59802000000000E+0005
 9.18159000000000E+0005    6.59852000000000E+0005
 9.18181000000000E+0005    6.59900000000000E+0005
 9.18207000000000E+0005    6.59944000000000E+0005
 9.18236000000000E+0005    6.59986000000000E+0005
 9.18266000000000E+0005    6.60026000000000E+0005
 9.18294000000000E+0005    6.60069000000000E+0005
 9.18320000000000E+0005    6.60114000000000E+0005
 9.18344000000000E+0005    6.60161000000000E+0005
 9.18367000000000E+0005    6.60208000000000E+0005
 9.18392000000000E+0005    6.60256000000000E+0005
 9.18416000000000E+0005    6.60304000000000E+0005
 9.18438000000000E+0005    6.60354000000000E+0005
 9.18456000000000E+0005    6.60405000000000E+0005
 9.18472000000000E+0005    6.60456000000000E+0005
 9.18487000000000E+0005    6.60527000000000E+0005
 9.18495000000000E+0005    6.60595000000000E+0005
 9.18499000000000E+0005    6.60662000000000E+0005
 9.18497000000000E+0005    6.60725000000000E+0005
 9.18490000000000E+0005    6.60784000000000E+0005
 9.18483000000000E+0005    6.60841000000000E+0005
 9.18476000000000E+0005    6.60896000000000E+0005
 9.18468000000000E+0005    6.60946000000000E+0005
 9.18458000000000E+0005    6.60995000000000E+0005
 9.18444000000000E+0005    6.61048000000000E+0005
 9.18428000000000E+0005    6.61095000000000E+0005
 9.18413000000000E+0005    6.61147000000000E+0005
 9.18399000000000E+0005    6.61195000000000E+0005
 9.18384000000000E+0005    6.61247000000000E+0005
 9.18366000000000E+0005    6.61298000000000E+0005
 9.18344000000000E+0005    6.61343000000000E+0005
 9.18316000000000E+0005    6.61390000000000E+0005
 9.18288000000000E+0005    6.61436000000000E+0005
 9.18257000000000E+0005    6.61480000000000E+0005
 9.18224000000000E+0005    6.61523000000000E+0005
 9.18188000000000E+0005    6.61559000000000E+0005
 9.18151000000000E+0005    6.61598000000000E+0005
 9.18111000000000E+0005    6.61635000000000E+0005
 9.18069000000000E+0005    6.61669000000000E+0005
 9.18027000000000E+0005    6.61696000000000E+0005
 9.17980000000000E+0005    6.61723000000000E+0005
 9.17931000000000E+0005    6.61747000000000E+0005
 9.17885000000000E+0005    6.61765000000000E+0005
 9.17833000000000E+0005    6.61779000000000E+0005
 9.17780000000000E+0005    6.61792000000000E+0005
 9.17731000000000E+0005    6.61803000000000E+0005
 9.17678000000000E+0005    6.61814000000000E+0005
 9.17625000000000E+0005    6.61823000000000E+0005
 9.17572000000000E+0005    6.61833000000000E+0005
 9.17519000000000E+0005    6.61845000000000E+0005
 9.17466000000000E+0005    6.61859000000000E+0005
 9.17419000000000E+0005    6.61874000000000E+0005
 9.17367000000000E+0005    6.61891000000000E+0005
 9.17316000000000E+0005    6.61909000000000E+0005
 9.17266000000000E+0005    6.61929000000000E+0005
 9.17234000000000E+0005    6.61946000000000E+0005
 9.17227000000000E+0005    6.61944000000000E+0005
 9.17176000000000E+0005    6.61964000000000E+0005
 9.17129000000000E+0005    6.61980000000000E+0005
 9.17081000000000E+0005    6.61994000000000E+0005
 9.17031000000000E+0005    6.62004000000000E+0005
 9.16978000000000E+0005    6.62011000000000E+0005
 9.16923000000000E+0005    6.62014000000000E+0005
 9.16869000000000E+0005    6.62012000000000E+0005
 9.16816000000000E+0005    6.62004000000000E+0005
 9.16764000000000E+0005    6.61990000000000E+0005
 9.16713000000000E+0005    6.61970000000000E+0005
 9.16665000000000E+0005    6.61946000000000E+0005
 9.16603000000000E+0005    6.61910000000000E+0005
 9.16528000000000E+0005    6.61863000000000E+0005
 9.16477000000000E+0005    6.61827000000000E+0005
 9.16431000000000E+0005    6.61790000000000E+0005
 9.16377000000000E+0005    6.61743000000000E+0005
 9.16327000000000E+0005    6.61694000000000E+0005
 9.16276000000000E+0005    6.61644000000000E+0005
 9.16226000000000E+0005    6.61595000000000E+0005
 9.16176000000000E+0005    6.61549000000000E+0005
 9.16126000000000E+0005    6.61502000000000E+0005
 9.16075000000000E+0005    6.61452000000000E+0005
 9.16025000000000E+0005    6.61400000000000E+0005
 9.15975000000000E+0005    6.61344000000000E+0005
 9.15928000000000E+0005    6.61289000000000E+0005
 9.15906000000000E+0005    6.61239000000000E+0005
 9.15882000000000E+0005    6.61190000000000E+0005
 9.15857000000000E+0005    6.61142000000000E+0005
 9.15834000000000E+0005    6.61094000000000E+0005
 9.15815000000000E+0005    6.61043000000000E+0005
 9.15801000000000E+0005    6.60991000000000E+0005
 9.15788000000000E+0005    6.60938000000000E+0005
 9.15774000000000E+0005    6.60886000000000E+0005
 9.15765000000000E+0005    6.60832000000000E+0005
 9.15758000000000E+0005    6.60783000000000E+0005
 9.15752000000000E+0005    6.60733000000000E+0005
 9.15748000000000E+0005    6.60679000000000E+0005
 9.15744000000000E+0005    6.60625000000000E+0005
 9.15742000000000E+0005    6.60575000000000E+0005
 9.15741000000000E+0005    6.60521000000000E+0005
 9.15742000000000E+0005    6.60471000000000E+0005
 9.15744000000000E+0005    6.60421000000000E+0005
 9.15747000000000E+0005    6.60371000000000E+0005
 9.15751000000000E+0005    6.60321000000000E+0005
 9.15756000000000E+0005    6.60272000000000E+0005
 9.15758000000000E+0005    6.60217000000000E+0005
 9.15759000000000E+0005    6.60167000000000E+0005
 9.15756000000000E+0005    6.60118000000000E+0005
 9.15748000000000E+0005    6.60068000000000E+0005
 9.15733000000000E+0005    6.60016000000000E+0005
 9.15714000000000E+0005    6.59966000000000E+0005
 9.15688000000000E+0005    6.59918000000000E+0005
 9.15657000000000E+0005    6.59873000000000E+0005
 9.15622000000000E+0005    6.59832000000000E+0005
 9.15582000000000E+0005    6.59796000000000E+0005
 9.15539000000000E+0005    6.59763000000000E+0005
 9.15494000000000E+0005    6.59734000000000E+0005
 9.15445000000000E+0005    6.59710000000000E+0005
 9.15399000000000E+0005    6.59691000000000E+0005
 9.15347000000000E+0005    6.59674000000000E+0005
 9.15295000000000E+0005    6.59660000000000E+0005
 9.15242000000000E+0005    6.59651000000000E+0005
 9.15188000000000E+0005    6.59646000000000E+0005
 9.15138000000000E+0005    6.59642000000000E+0005
 9.15084000000000E+0005    6.59638000000000E+0005
 9.15030000000000E+0005    6.59630000000000E+0005
 9.14979000000000E+0005    6.59613000000000E+0005
 9.14929000000000E+0005    6.59593000000000E+0005
 9.14879000000000E+0005    6.59571000000000E+0005
 9.14830000000000E+0005    6.59549000000000E+0005
 9.14782000000000E+0005    6.59523000000000E+0005
 9.14737000000000E+0005    6.59494000000000E+0005
 9.14693000000000E+0005    6.59462000000000E+0005
 9.14654000000000E+0005    6.59431000000000E+0005
 9.14612000000000E+0005    6.59396000000000E+0005
 9.14574000000000E+0005    6.59358000000000E+0005
 9.14540000000000E+0005    6.59321000000000E+0005
 9.14507000000000E+0005    6.59278000000000E+0005
 9.14482000000000E+0005    6.59235000000000E+0005
 9.14459000000000E+0005    6.59186000000000E+0005
 9.14442000000000E+0005    6.59139000000000E+0005
 9.14428000000000E+0005    6.59086000000000E+0005
 9.14414000000000E+0005    6.59039000000000E+0005
 9.14399000000000E+0005    6.58987000000000E+0005
 9.14390000000000E+0005    6.58933000000000E+0005
 9.14384000000000E+0005    6.58879000000000E+0005
 9.14378000000000E+0005    6.58825000000000E+0005
 9.14375000000000E+0005    6.58776000000000E+0005
 9.14372000000000E+0005    6.58722000000000E+0005
 9.14373000000000E+0005    6.58667000000000E+0005
 9.14375000000000E+0005    6.58613000000000E+0005
 9.14381000000000E+0005    6.58559000000000E+0005
 9.14393000000000E+0005    6.58507000000000E+0005
 9.14414000000000E+0005    6.58457000000000E+0005
 9.14444000000000E+0005    6.58412000000000E+0005
 9.14476000000000E+0005    6.58368000000000E+0005
 9.14512000000000E+0005    6.58328000000000E+0005
 9.14551000000000E+0005    6.58291000000000E+0005
 9.14593000000000E+0005    6.58257000000000E+0005
 9.14637000000000E+0005    6.58225000000000E+0005
 9.14681000000000E+0005    6.58194000000000E+0005
 9.14726000000000E+0005    6.58162000000000E+0005
 9.14770000000000E+0005    6.58132000000000E+0005
 9.14815000000000E+0005    6.58101000000000E+0005
 9.14859000000000E+0005    6.58070000000000E+0005
 9.14904000000000E+0005    6.58040000000000E+0005
 9.14949000000000E+0005    6.58009000000000E+0005
 9.14995000000000E+0005    6.57981000000000E+0005
 9.15040000000000E+0005    6.57952000000000E+0005
 9.15086000000000E+0005    6.57923000000000E+0005
 9.15135000000000E+0005    6.57898000000000E+0005
 9.15179000000000E+0005    6.57868000000000E+0005
 9.15223000000000E+0005    6.57836000000000E+0005
 9.15269000000000E+0005    6.57807000000000E+0005
 9.15318000000000E+0005    6.57783000000000E+0005
 9.15367000000000E+0005    6.57761000000000E+0005
 9.15418000000000E+0005    6.57743000000000E+0005
 9.15466000000000E+0005    6.57730000000000E+0005
 9.15516000000000E+0005    6.57727000000000E+0005
 9.15564000000000E+0005    6.57740000000000E+0005
 9.15610000000000E+0005    6.57768000000000E+0005
 9.15655000000000E+0005    6.57798000000000E+0005
 9.15702000000000E+0005    6.57825000000000E+0005
 9.15751000000000E+0005    6.57848000000000E+0005
 9.15802000000000E+0005    6.57868000000000E+0005
 9.15853000000000E+0005    6.57884000000000E+0005
 9.15906000000000E+0005    6.57896000000000E+0005
 9.15960000000000E+0005    6.57905000000000E+0005
 9.16014000000000E+0005    6.57904000000000E+0005
 9.16066000000000E+0005    6.57892000000000E+0005
 9.16116000000000E+0005    6.57870000000000E+0005
 9.16164000000000E+0005    6.57845000000000E+0005
 9.16212000000000E+0005    6.57821000000000E+0005
 9.16232000000000E+0005    6.57815000000000E+0005
46,   0,  -2.8E003, ┬эхЇэшщ ъюэҐґЁ эхЄҐхэюёэюёҐш,,913000, 649500,4,TRUE,16711680,2,1, 6.00000023841858E-0001,4
 9.18518000000000E+0005    6.53715000000000E+0005
 9.18293000000000E+0005    6.53699000000000E+0005
 9.18055000000000E+0005    6.53629000000000E+0005
 9.17856000000000E+0005    6.53399000000000E+0005
 9.17776000000000E+0005    6.53141000000000E+0005
 9.17802000000000E+0005    6.52910000000000E+0005
 9.17864000000000E+0005    6.52694000000000E+0005
 9.17840000000000E+0005    6.52416000000000E+0005
 9.17739000000000E+0005    6.52229000000000E+0005
 9.17643000000000E+0005    6.52027000000000E+0005
 9.17532000000000E+0005    6.51773000000000E+0005
 9.17486000000000E+0005    6.51449000000000E+0005
 9.17501000000000E+0005    6.51239000000000E+0005
 9.17535000000000E+0005    6.51040000000000E+0005
 9.17590000000000E+0005    6.50846000000000E+0005
 9.17679000000000E+0005    6.50665000000000E+0005
 9.17793000000000E+0005    6.50498000000000E+0005
 9.17917000000000E+0005    6.50339000000000E+0005
 9.18059000000000E+0005    6.50196000000000E+0005
 9.18202000000000E+0005    6.50053000000000E+0005
 9.18362000000000E+0005    6.49930000000000E+0005
 9.18538000000000E+0005    6.49833000000000E+0005
 9.18727000000000E+0005    6.49762000000000E+0005
 9.18928000000000E+0005    6.49745000000000E+0005
 9.19155000000000E+0005    6.49777000000000E+0005
 9.19351000000000E+0005    6.49896000000000E+0005
 9.19519000000000E+0005    6.50053000000000E+0005
 9.19677000000000E+0005    6.50221000000000E+0005
 9.19790000000000E+0005    6.50420000000000E+0005
 9.19884000000000E+0005    6.50631000000000E+0005
 9.19939000000000E+0005    6.50854000000000E+0005
 9.19938000000000E+0005    6.51084000000000E+0005
 9.19893000000000E+0005    6.51310000000000E+0005
 9.19816000000000E+0005    6.51527000000000E+0005
 9.19710000000000E+0005    6.51726000000000E+0005
 9.19592000000000E+0005    6.51894000000000E+0005
 9.19484000000000E+0005    6.52071000000000E+0005
 9.19361000000000E+0005    6.52237000000000E+0005
 9.19261000000000E+0005    6.52417000000000E+0005
 9.19197000000000E+0005    6.52614000000000E+0005
 9.19159000000000E+0005    6.52817000000000E+0005
 9.19108000000000E+0005    6.53125000000000E+0005
 9.19016000000000E+0005    6.53383000000000E+0005
 9.18884000000000E+0005    6.53534000000000E+0005
 9.18713000000000E+0005    6.53647000000000E+0005
 9.18518000000000E+0005    6.53715000000000E+0005
145,   1,  -1, ┬эґҐЁхээшщ ъюэҐґЁ эхЄҐхэюёэюёҐш,,913000, 649500,1,TRUE,16711680,4,1, 2.00000002980232E-0001,1
 9.17300000000000E+0005    6.60016000000000E+0005
 9.17333000000000E+0005    6.60056000000000E+0005
 9.17369000000000E+0005    6.60093000000000E+0005
 9.17416000000000E+0005    6.60134000000000E+0005
 9.17458000000000E+0005    6.60164000000000E+0005
 9.17504000000000E+0005    6.60188000000000E+0005
 9.17556000000000E+0005    6.60185000000000E+0005
 9.17606000000000E+0005    6.60197000000000E+0005
 9.17654000000000E+0005    6.60216000000000E+0005
 9.17701000000000E+0005    6.60238000000000E+0005
 9.17746000000000E+0005    6.60265000000000E+0005
 9.17786000000000E+0005    6.60298000000000E+0005
 9.17819000000000E+0005    6.60338000000000E+0005
 9.17848000000000E+0005    6.60381000000000E+0005
 9.17869000000000E+0005    6.60428000000000E+0005
 9.17884000000000E+0005    6.60478000000000E+0005
 9.17890000000000E+0005    6.60529000000000E+0005
 9.17895000000000E+0005    6.60581000000000E+0005
 9.17901000000000E+0005    6.60633000000000E+0005
 9.17906000000000E+0005    6.60684000000000E+0005
 9.17909000000000E+0005    6.60736000000000E+0005
 9.17909000000000E+0005    6.60788000000000E+0005
 9.17906000000000E+0005    6.60840000000000E+0005
 9.17900000000000E+0005    6.60891000000000E+0005
 9.17890000000000E+0005    6.60940000000000E+0005
 9.17878000000000E+0005    6.60990000000000E+0005
 9.17864000000000E+0005    6.61039000000000E+0005
 9.17844000000000E+0005    6.61088000000000E+0005
 9.17820000000000E+0005    6.61140000000000E+0005
 9.17801000000000E+0005    6.61192000000000E+0005
 9.17790000000000E+0005    6.61247000000000E+0005
 9.17766000000000E+0005    6.61297000000000E+0005
 9.17723000000000E+0005    6.61334000000000E+0005
 9.17675000000000E+0005    6.61362000000000E+0005
 9.17624000000000E+0005    6.61384000000000E+0005
 9.17580000000000E+0005    6.61419000000000E+0005
 9.17534000000000E+0005    6.61451000000000E+0005
 9.17485000000000E+0005    6.61479000000000E+0005
 9.17434000000000E+0005    6.61502000000000E+0005
 9.17387000000000E+0005    6.61517000000000E+0005
 9.17338000000000E+0005    6.61528000000000E+0005
 9.17288000000000E+0005    6.61534000000000E+0005
 9.17237000000000E+0005    6.61532000000000E+0005
 9.17186000000000E+0005    6.61522000000000E+0005
 9.17138000000000E+0005    6.61502000000000E+0005
 9.17094000000000E+0005    6.61476000000000E+0005
 9.17055000000000E+0005    6.61443000000000E+0005
 9.17021000000000E+0005    6.61404000000000E+0005
 9.16996000000000E+0005    6.61359000000000E+0005
 9.16978000000000E+0005    6.61311000000000E+0005
 9.16963000000000E+0005    6.61261000000000E+0005
 9.16950000000000E+0005    6.61212000000000E+0005
 9.16937000000000E+0005    6.61163000000000E+0005
 9.16927000000000E+0005    6.61113000000000E+0005
 9.16918000000000E+0005    6.61063000000000E+0005
 9.16906000000000E+0005    6.61013000000000E+0005
 9.16887000000000E+0005    6.60966000000000E+0005
 9.16861000000000E+0005    6.60921000000000E+0005
 9.16831000000000E+0005    6.60881000000000E+0005
 9.16798000000000E+0005    6.60842000000000E+0005
 9.16764000000000E+0005    6.60803000000000E+0005
 9.16731000000000E+0005    6.60763000000000E+0005
 9.16699000000000E+0005    6.60724000000000E+0005
 9.16668000000000E+0005    6.60683000000000E+0005
 9.16639000000000E+0005    6.60642000000000E+0005
 9.16612000000000E+0005    6.60598000000000E+0005
 9.16590000000000E+0005    6.60554000000000E+0005
 9.16570000000000E+0005    6.60508000000000E+0005
 9.16555000000000E+0005    6.60458000000000E+0005
 9.16544000000000E+0005    6.60408000000000E+0005
 9.16536000000000E+0005    6.60357000000000E+0005
 9.16530000000000E+0005    6.60308000000000E+0005
 9.16527000000000E+0005    6.60258000000000E+0005
 9.16528000000000E+0005    6.60206000000000E+0005
 9.16536000000000E+0005    6.60157000000000E+0005
 9.16554000000000E+0005    6.60108000000000E+0005
 9.16571000000000E+0005    6.60062000000000E+0005
 9.16581000000000E+0005    6.60011000000000E+0005
 9.16579000000000E+0005    6.59960000000000E+0005
 9.16567000000000E+0005    6.59910000000000E+0005
 9.16552000000000E+0005    6.59860000000000E+0005
 9.16538000000000E+0005    6.59812000000000E+0005
 9.16527000000000E+0005    6.59763000000000E+0005
 9.16519000000000E+0005    6.59714000000000E+0005
 9.16513000000000E+0005    6.59663000000000E+0005
 9.16506000000000E+0005    6.59612000000000E+0005
 9.16498000000000E+0005    6.59562000000000E+0005
 9.16486000000000E+0005    6.59512000000000E+0005
 9.16471000000000E+0005    6.59465000000000E+0005
 9.16452000000000E+0005    6.59417000000000E+0005
 9.16431000000000E+0005    6.59371000000000E+0005
 9.16408000000000E+0005    6.59325000000000E+0005
 9.16383000000000E+0005    6.59280000000000E+0005
 9.16355000000000E+0005    6.59236000000000E+0005
 9.16327000000000E+0005    6.59195000000000E+0005
 9.16298000000000E+0005    6.59152000000000E+0005
 9.16270000000000E+0005    6.59109000000000E+0005
 9.16241000000000E+0005    6.59069000000000E+0005
 9.16209000000000E+0005    6.59028000000000E+0005
 9.16178000000000E+0005    6.58987000000000E+0005
 9.16152000000000E+0005    6.58942000000000E+0005
 9.16136000000000E+0005    6.58894000000000E+0005
 9.16136000000000E+0005    6.58842000000000E+0005
 9.16156000000000E+0005    6.58796000000000E+0005
 9.16192000000000E+0005    6.58759000000000E+0005
 9.16237000000000E+0005    6.58734000000000E+0005
 9.16287000000000E+0005    6.58720000000000E+0005
 9.16338000000000E+0005    6.58716000000000E+0005
 9.16389000000000E+0005    6.58721000000000E+0005
 9.16440000000000E+0005    6.58732000000000E+0005
 9.16489000000000E+0005    6.58748000000000E+0005
 9.16537000000000E+0005    6.58765000000000E+0005
 9.16586000000000E+0005    6.58784000000000E+0005
 9.16632000000000E+0005    6.58802000000000E+0005
 9.16679000000000E+0005    6.58820000000000E+0005
 9.16726000000000E+0005    6.58840000000000E+0005
 9.16772000000000E+0005    6.58860000000000E+0005
 9.16818000000000E+0005    6.58883000000000E+0005
 9.16863000000000E+0005    6.58909000000000E+0005
 9.16906000000000E+0005    6.58937000000000E+0005
 9.16946000000000E+0005    6.58970000000000E+0005
 9.16981000000000E+0005    6.59008000000000E+0005
 9.17010000000000E+0005    6.59050000000000E+0005
 9.17036000000000E+0005    6.59095000000000E+0005
 9.17059000000000E+0005    6.59141000000000E+0005
 9.17082000000000E+0005    6.59187000000000E+0005
 9.17105000000000E+0005    6.59231000000000E+0005
 9.17130000000000E+0005    6.59276000000000E+0005
 9.17158000000000E+0005    6.59320000000000E+0005
 9.17185000000000E+0005    6.59362000000000E+0005
 9.17213000000000E+0005    6.59403000000000E+0005
 9.17238000000000E+0005    6.59446000000000E+0005
 9.17260000000000E+0005    6.59493000000000E+0005
 9.17273000000000E+0005    6.59543000000000E+0005
 9.17274000000000E+0005    6.59593000000000E+0005
 9.17267000000000E+0005    6.59642000000000E+0005
 9.17255000000000E+0005    6.59691000000000E+0005
 9.17243000000000E+0005    6.59739000000000E+0005
 9.17234000000000E+0005    6.59790000000000E+0005
 9.17232000000000E+0005    6.59842000000000E+0005
 9.17239000000000E+0005    6.59892000000000E+0005
 9.17256000000000E+0005    6.59941000000000E+0005
 9.17280000000000E+0005    6.59987000000000E+0005
 9.17297000000000E+0005    6.60013000000000E+0005
 9.17300000000000E+0005    6.60016000000000E+0005
57,   7,  -1, ╬сырёҐ№ шчґіхээюёҐш,╟рыхц№ 1 (Ё-э ёът. 188╧),913000, 649500,2,FALSE,12632256,0,1, 2.00000002980232E-0001,2
 9.19601000000000E+0005    6.59010000000000E+0005
 9.19532000000000E+0005    6.59241000000000E+0005
 9.19420000000000E+0005    6.59410000000000E+0005
 9.19264000000000E+0005    6.59641000000000E+0005
 9.19101000000000E+0005    6.59841000000000E+0005
 9.18995000000000E+0005    6.60028000000000E+0005
 9.18958000000000E+0005    6.60116000000000E+0005
 9.18976000000000E+0005    6.60278000000000E+0005
 9.18951000000000E+0005    6.60415000000000E+0005
 9.18964000000000E+0005    6.60590000000000E+0005
 9.18958000000000E+0005    6.60759000000000E+0005
 9.18976000000000E+0005    6.60952000000000E+0005
 9.18951000000000E+0005    6.61202000000000E+0005
 9.18808000000000E+0005    6.61477000000000E+0005
 9.18589000000000E+0005    6.61677000000000E+0005
 9.18271000000000E+0005    6.61783000000000E+0005
 9.18079000000000E+0005    6.61826000000000E+0005
 9.17705000000000E+0005    6.61909000000000E+0005
 9.17165000000000E+0005    6.62075000000000E+0005
 9.16736000000000E+0005    6.62061000000000E+0005
 9.16500000000000E+0005    6.61936000000000E+0005
 9.16168000000000E+0005    6.61659000000000E+0005
 9.15822000000000E+0005    6.61299000000000E+0005
 9.15683000000000E+0005    6.60912000000000E+0005
 9.15654000000000E+0005    6.60166000000000E+0005
 9.15586000000000E+0005    6.59872000000000E+0005
 9.15323000000000E+0005    6.59735000000000E+0005
 9.14718000000000E+0005    6.59641000000000E+0005
 9.14174000000000E+0005    6.59379000000000E+0005
 9.13881000000000E+0005    6.58985000000000E+0005
 9.13675000000000E+0005    6.58661000000000E+0005
 9.13544000000000E+0005    6.58105000000000E+0005
 9.13812000000000E+0005    6.57655000000000E+0005
 9.14162000000000E+0005    6.57549000000000E+0005
 9.14455000000000E+0005    6.57549000000000E+0005
 9.14755000000000E+0005    6.57499000000000E+0005
 9.14961000000000E+0005    6.57431000000000E+0005
 9.15211000000000E+0005    6.57418000000000E+0005
 9.15442000000000E+0005    6.57499000000000E+0005
 9.15773000000000E+0005    6.57687000000000E+0005
 9.15998000000000E+0005    6.57793000000000E+0005
 9.16235000000000E+0005    6.57699000000000E+0005
 9.16329000000000E+0005    6.57456000000000E+0005
 9.16454000000000E+0005    6.56919000000000E+0005
 9.16784000000000E+0005    6.56725000000000E+0005
 9.16984000000000E+0005    6.56831000000000E+0005
 9.17078000000000E+0005    6.57018000000000E+0005
 9.17159000000000E+0005    6.57387000000000E+0005
 9.17278000000000E+0005    6.57924000000000E+0005
 9.17528000000000E+0005    6.58280000000000E+0005
 9.17896000000000E+0005    6.58542000000000E+0005
 9.18545000000000E+0005    6.58636000000000E+0005
 9.18976000000000E+0005    6.58617000000000E+0005
 9.19307000000000E+0005    6.58567000000000E+0005
 9.19488000000000E+0005    6.58704000000000E+0005
 9.19595000000000E+0005    6.58998000000000E+0005
 9.19582000000000E+0005    6.59029000000000E+0005
37,   7,  -1, ╬сырёҐ№ шчґіхээюёҐш,╟рыхц№ 2 ( Ё-э ёът.192╧),913000, 649500,4,FALSE,12632256,0,1, 2.00000002980232E-0001,4
 9.19400000000000E+0005    6.52283000000000E+0005
 9.19300000000000E+0005    6.52415000000000E+0005
 9.19221000000000E+0005    6.52643000000000E+0005
 9.19146000000000E+0005    6.53153000000000E+0005
 9.19108000000000E+0005    6.53269000000000E+0005
 9.19006000000000E+0005    6.53474000000000E+0005
 9.18819000000000E+0005    6.53621000000000E+0005
 9.18667000000000E+0005    6.53703000000000E+0005
 9.18501000000000E+0005    6.53739000000000E+0005
 9.18341000000000E+0005    6.53732000000000E+0005
 9.18107000000000E+0005    6.53682000000000E+0005
 9.17862000000000E+0005    6.53508000000000E+0005
 9.17742000000000E+0005    6.53245000000000E+0005
 9.17744000000000E+0005    6.52969000000000E+0005
 9.17831000000000E+0005    6.52607000000000E+0005
 9.17784000000000E+0005    6.52378000000000E+0005
 9.17676000000000E+0005    6.52189000000000E+0005
 9.17573000000000E+0005    6.51981000000000E+0005
 9.17471000000000E+0005    6.51763000000000E+0005
 9.17429000000000E+0005    6.51408000000000E+0005
 9.17481000000000E+0005    6.51024000000000E+0005
 9.17677000000000E+0005    6.50530000000000E+0005
 9.18065000000000E+0005    6.50096000000000E+0005
 9.18259000000000E+0005    6.49929000000000E+0005
 9.18548000000000E+0005    6.49779000000000E+0005
 9.18793000000000E+0005    6.49718000000000E+0005
 9.19064000000000E+0005    6.49705000000000E+0005
 9.19334000000000E+0005    6.49802000000000E+0005
 9.19513000000000E+0005    6.49963000000000E+0005
 9.19726000000000E+0005    6.50199000000000E+0005
 9.19847000000000E+0005    6.50412000000000E+0005
 9.19944000000000E+0005    6.50635000000000E+0005
 9.20005000000000E+0005    6.50948000000000E+0005
 9.19962000000000E+0005    6.51271000000000E+0005
 9.19842000000000E+0005    6.51595000000000E+0005
 9.19660000000000E+0005    6.51887000000000E+0005
 9.19401000000000E+0005    6.52279000000000E+0005
120,   8,  -1, ╤рэшҐрЁэю-юєЁрээр  чюэр,,913000, 649500,1,FALSE,65280,0,1, 4.00000005960464E-0001,1
 9.13627000000000E+0005    6.58230000000000E+0005
 9.13632000000000E+0005    6.58180000000000E+0005
 9.13643000000000E+0005    6.58130000000000E+0005
 9.13660000000000E+0005    6.58079000000000E+0005
 9.13682000000000E+0005    6.58029000000000E+0005
 9.13707000000000E+0005    6.57979000000000E+0005
 9.13713000000000E+0005    6.57967000000000E+0005
 9.13738000000000E+0005    6.57929000000000E+0005
 9.13764000000000E+0005    6.57896000000000E+0005
 9.13778000000000E+0005    6.57879000000000E+0005
 9.13814000000000E+0005    6.57836000000000E+0005
 9.13859000000000E+0005    6.57776000000000E+0005
 9.13881000000000E+0005    6.57749000000000E+0005
 9.13899000000000E+0005    6.57732000000000E+0005
 9.13914000000000E+0005    6.57721000000000E+0005
 9.13933000000000E+0005    6.57712000000000E+0005
 9.13953000000000E+0005    6.57705000000000E+0005
 9.13981000000000E+0005    6.57699000000000E+0005
 9.14015000000000E+0005    6.57696000000000E+0005
 9.14062000000000E+0005    6.57692000000000E+0005
 9.14113000000000E+0005    6.57689000000000E+0005
 9.14175000000000E+0005    6.57685000000000E+0005
 9.14216000000000E+0005    6.57682000000000E+0005
 9.14243000000000E+0005    6.57680000000000E+0005
 9.14265000000000E+0005    6.57679000000000E+0005
 9.14279000000000E+0005    6.57678000000000E+0005
 9.14294000000000E+0005    6.57677000000000E+0005
 9.14309000000000E+0005    6.57678000000000E+0005
 9.14367000000000E+0005    6.57682000000000E+0005
 9.14417000000000E+0005    6.57683000000000E+0005
 9.14467000000000E+0005    6.57680000000000E+0005
 9.14484000000000E+0005    6.57678000000000E+0005
 9.14517000000000E+0005    6.57674000000000E+0005
 9.14568000000000E+0005    6.57665000000000E+0005
 9.14618000000000E+0005    6.57652000000000E+0005
 9.14668000000000E+0005    6.57634000000000E+0005
 9.14681000000000E+0005    6.57628000000000E+0005
 9.14718000000000E+0005    6.57611000000000E+0005
 9.14769000000000E+0005    6.57586000000000E+0005
 9.14784000000000E+0005    6.57578000000000E+0005
 9.14819000000000E+0005    6.57559000000000E+0005
 9.14869000000000E+0005    6.57535000000000E+0005
 9.14887000000000E+0005    6.57528000000000E+0005
 9.14919000000000E+0005    6.57516000000000E+0005
 9.14970000000000E+0005    6.57502000000000E+0005
 9.15020000000000E+0005    6.57492000000000E+0005
 9.15070000000000E+0005    6.57487000000000E+0005
 9.15121000000000E+0005    6.57489000000000E+0005
 9.15171000000000E+0005    6.57497000000000E+0005
 9.15221000000000E+0005    6.57512000000000E+0005
 9.15256000000000E+0005    6.57528000000000E+0005
 9.15271000000000E+0005    6.57534000000000E+0005
 9.15322000000000E+0005    6.57564000000000E+0005
 9.15341000000000E+0005    6.57578000000000E+0005
 9.15372000000000E+0005    6.57598000000000E+0005
 9.15414000000000E+0005    6.57628000000000E+0005
 9.15422000000000E+0005    6.57634000000000E+0005
 9.15472000000000E+0005    6.57671000000000E+0005
 9.15482000000000E+0005    6.57678000000000E+0005
 9.15523000000000E+0005    6.57708000000000E+0005
 9.15550000000000E+0005    6.57728000000000E+0005
 9.15573000000000E+0005    6.57744000000000E+0005
 9.15623000000000E+0005    6.57777000000000E+0005
 9.15673000000000E+0005    6.57808000000000E+0005
 9.15710000000000E+0005    6.57829000000000E+0005
 9.15724000000000E+0005    6.57836000000000E+0005
 9.15774000000000E+0005    6.57858000000000E+0005
 9.15824000000000E+0005    6.57874000000000E+0005
 9.15844000000000E+0005    6.57879000000000E+0005
 9.15874000000000E+0005    6.57887000000000E+0005
 9.15925000000000E+0005    6.57899000000000E+0005
 9.15975000000000E+0005    6.57908000000000E+0005
 9.16025000000000E+0005    6.57908000000000E+0005
 9.16075000000000E+0005    6.57898000000000E+0005
 9.16126000000000E+0005    6.57881000000000E+0005
 9.16176000000000E+0005    6.57859000000000E+0005
 9.16226000000000E+0005    6.57833000000000E+0005
 9.16276000000000E+0005    6.57801000000000E+0005
 9.16309000000000E+0005    6.57779000000000E+0005
 9.16327000000000E+0005    6.57765000000000E+0005
 9.16370000000000E+0005    6.57728000000000E+0005
 9.16424000000000E+0005    6.57678000000000E+0005
 9.16476000000000E+0005    6.57628000000000E+0005
 9.16528000000000E+0005    6.57582000000000E+0005
 9.16578000000000E+0005    6.57546000000000E+0005
 9.16611000000000E+0005    6.57528000000000E+0005
 9.16628000000000E+0005    6.57518000000000E+0005
 9.16678000000000E+0005    6.57501000000000E+0005
 9.16729000000000E+0005    6.57493000000000E+0005
 9.16779000000000E+0005    6.57496000000000E+0005
 9.16829000000000E+0005    6.57512000000000E+0005
 9.16861000000000E+0005    6.57528000000000E+0005
 9.16879000000000E+0005    6.57538000000000E+0005
 9.16930000000000E+0005    6.57575000000000E+0005
 9.16980000000000E+0005    6.57621000000000E+0005
 9.17030000000000E+0005    6.57677000000000E+0005
 9.17068000000000E+0005    6.57728000000000E+0005
 9.17081000000000E+0005    6.57747000000000E+0005
 9.17100000000000E+0005    6.57779000000000E+0005
 9.17129000000000E+0005    6.57829000000000E+0005
 9.17155000000000E+0005    6.57879000000000E+0005
 9.17181000000000E+0005    6.57929000000000E+0005
 9.17206000000000E+0005    6.57979000000000E+0005
 9.17231000000000E+0005    6.58025000000000E+0005
 9.17261000000000E+0005    6.58079000000000E+0005
 9.17282000000000E+0005    6.58114000000000E+0005
 9.17291000000000E+0005    6.58130000000000E+0005
 9.17325000000000E+0005    6.58180000000000E+0005
 9.17332000000000E+0005    6.58190000000000E+0005
 9.17360000000000E+0005    6.58230000000000E+0005
 9.17382000000000E+0005    6.58259000000000E+0005
 9.17398000000000E+0005    6.58280000000000E+0005
 9.17432000000000E+0005    6.58321000000000E+0005
 9.17441000000000E+0005    6.58330000000000E+0005
 9.17483000000000E+0005    6.58375000000000E+0005
 9.17533000000000E+0005    6.58423000000000E+0005
 9.17542000000000E+0005    6.58430000000000E+0005
 9.17583000000000E+0005    6.58465000000000E+0005
 9.17603000000000E+0005    6.58481000000000E+0005
 9.17633000000000E+0005    6.58504000000000E+0005
1,   10,  -1, ├ЁрэшІр ышІхэчшюээюую ґірёҐър,╤тюсюфэ√щ ╦╙,918622, 655912,0,TRUE,20985,0,0, 4.00000005960464E-0001,0
 9.14261000000000E+0005    6.61175000000000E+0005
3,   10,  -1, ├ЁрэшІр ышІхэчшюээюую ґірёҐър,┬юёҐюіэю-├Ёшсэющ ╦╙,919945, 654375,1,TRUE,20985,0,0, 4.00000005960464E-0001,1
 9.22361000000000E+0005    6.56507000000000E+0005
 9.19764000000000E+0005    6.56609000000000E+0005
 9.19496000000000E+0005    6.49561000000000E+0005
5,   10,  -1, ├ЁрэшІр ышІхэчшюээюую ґірёҐър,┬рҐ№хурэёъшщ ╦╙,913909, 660144,2,TRUE,20985,0,0, 4.00000005960464E-0001,2
 9.20487000000000E+0005    6.62868000000000E+0005
 9.14579000000000E+0005    6.62978000000000E+0005
 9.14494000000000E+0005    6.60580000000000E+0005
 9.14286000000000E+0005    6.57630000000000E+0005
 9.11551000000000E+0005    6.57692000000000E+0005
5,   10,  -1, ├ЁрэшІр ышІхэчшюээюую ґірёҐър,─Ёґцэ√щ ╦╙,913702, 650996,3,TRUE,20985,0,0, 4.00000005960464E-0001,3
 9.19484000000000E+0005    6.49560000000000E+0005
 9.13958000000000E+0005    6.49680000000000E+0005
 9.14076000000000E+0005    6.52531000000000E+0005
 9.10004000000000E+0005    6.52583000000000E+0005
 9.10024000000000E+0005    6.52543000000000E+0005
5,   11,  -1, ╨рчыюь,,913000, 649500,1,TRUE,213,0,0, 5.00000000000000E-0001,1
 9.21593000000000E+0005    6.56678000000000E+0005
 9.19870000000000E+0005    6.57437000000000E+0005
 9.18384000000000E+0005    6.58090000000000E+0005
 9.17597000000000E+0005    6.58505000000000E+0005
 9.17366000000000E+0005    6.58688000000000E+0005
8,   11,  -1, ╨рчыюь,,913000, 649500,2,TRUE,213,0,0, 5.00000000000000E-0001,2
 9.13331000000000E+0005    6.56108000000000E+0005
 9.13588000000000E+0005    6.56189000000000E+0005
 9.14408000000000E+0005    6.56496000000000E+0005
 9.15127000000000E+0005    6.56997000000000E+0005
 9.15872000000000E+0005    6.57596000000000E+0005
 9.16312000000000E+0005    6.57873000000000E+0005
 9.16764000000000E+0005    6.58080000000000E+0005
 9.17380000000000E+0005    6.58670000000000E+0005
121,   19,  -1, ╘шъҐштэр  ышэш ,,913000, 649500,1,FALSE,255,0,1, 2.00000002980232E-0001,1
 9.17450000000000E+0005    6.61389000000000E+0005
 9.17382000000000E+0005    6.61394000000000E+0005
 9.17332000000000E+0005    6.61391000000000E+0005
 9.17282000000000E+0005    6.61380000000000E+0005
 9.17231000000000E+0005    6.61362000000000E+0005
 9.17184000000000E+0005    6.61339000000000E+0005
 9.17131000000000E+0005    6.61302000000000E+0005
 9.17080000000000E+0005    6.61256000000000E+0005
 9.17030000000000E+0005    6.61195000000000E+0005
 9.16994000000000E+0005    6.61138000000000E+0005
 9.16965000000000E+0005    6.61088000000000E+0005
 9.16937000000000E+0005    6.61038000000000E+0005
 9.16908000000000E+0005    6.60988000000000E+0005
 9.16880000000000E+0005    6.60942000000000E+0005
 9.16845000000000E+0005    6.60888000000000E+0005
 9.16816000000000E+0005    6.60837000000000E+0005
 9.16788000000000E+0005    6.60787000000000E+0005
 9.16760000000000E+0005    6.60737000000000E+0005
 9.16732000000000E+0005    6.60687000000000E+0005
 9.16704000000000E+0005    6.60637000000000E+0005
 9.16680000000000E+0005    6.60587000000000E+0005
 9.16660000000000E+0005    6.60536000000000E+0005
 9.16646000000000E+0005    6.60486000000000E+0005
 9.16638000000000E+0005    6.60436000000000E+0005
 9.16634000000000E+0005    6.60386000000000E+0005
 9.16633000000000E+0005    6.60336000000000E+0005
 9.16635000000000E+0005    6.60286000000000E+0005
 9.16640000000000E+0005    6.60236000000000E+0005
 9.16650000000000E+0005    6.60186000000000E+0005
 9.16662000000000E+0005    6.60135000000000E+0005
 9.16678000000000E+0005    6.60085000000000E+0005
 9.16689000000000E+0005    6.60035000000000E+0005
 9.16690000000000E+0005    6.59985000000000E+0005
 9.16682000000000E+0005    6.59935000000000E+0005
 9.16665000000000E+0005    6.59885000000000E+0005
 9.16637000000000E+0005    6.59834000000000E+0005
 9.16602000000000E+0005    6.59784000000000E+0005
 9.16562000000000E+0005    6.59734000000000E+0005
 9.16528000000000E+0005    6.59692000000000E+0005
 9.16477000000000E+0005    6.59637000000000E+0005
 9.16427000000000E+0005    6.59591000000000E+0005
 9.16377000000000E+0005    6.59544000000000E+0005
 9.16327000000000E+0005    6.59491000000000E+0005
 9.16281000000000E+0005    6.59433000000000E+0005
 9.16251000000000E+0005    6.59383000000000E+0005
 9.16226000000000E+0005    6.59343000000000E+0005
 9.16192000000000E+0005    6.59283000000000E+0005
 9.16163000000000E+0005    6.59233000000000E+0005
 9.16142000000000E+0005    6.59183000000000E+0005
 9.16136000000000E+0005    6.59132000000000E+0005
 9.16158000000000E+0005    6.59082000000000E+0005
 9.16215000000000E+0005    6.59032000000000E+0005
 9.16266000000000E+0005    6.58982000000000E+0005
 9.16305000000000E+0005    6.58932000000000E+0005
 9.16359000000000E+0005    6.58882000000000E+0005
 9.16427000000000E+0005    6.58859000000000E+0005
 9.16477000000000E+0005    6.58857000000000E+0005
 9.16528000000000E+0005    6.58878000000000E+0005
 9.16578000000000E+0005    6.58930000000000E+0005
 9.16606000000000E+0005    6.58982000000000E+0005
 9.16628000000000E+0005    6.59032000000000E+0005
 9.16652000000000E+0005    6.59082000000000E+0005
 9.16678000000000E+0005    6.59126000000000E+0005
 9.16708000000000E+0005    6.59183000000000E+0005
 9.16729000000000E+0005    6.59232000000000E+0005
 9.16744000000000E+0005    6.59283000000000E+0005
 9.16752000000000E+0005    6.59333000000000E+0005
 9.16760000000000E+0005    6.59383000000000E+0005
 9.16771000000000E+0005    6.59433000000000E+0005
 9.16787000000000E+0005    6.59484000000000E+0005
 9.16805000000000E+0005    6.59534000000000E+0005
 9.16829000000000E+0005    6.59580000000000E+0005
 9.16876000000000E+0005    6.59634000000000E+0005
 9.16930000000000E+0005    6.59682000000000E+0005
 9.16980000000000E+0005    6.59718000000000E+0005
 9.17030000000000E+0005    6.59746000000000E+0005
 9.17080000000000E+0005    6.59772000000000E+0005
 9.17131000000000E+0005    6.59799000000000E+0005
 9.17181000000000E+0005    6.59826000000000E+0005
 9.17231000000000E+0005    6.59848000000000E+0005
 9.17282000000000E+0005    6.59862000000000E+0005
 9.17332000000000E+0005    6.59869000000000E+0005
 9.17382000000000E+0005    6.59868000000000E+0005
 9.17432000000000E+0005    6.59867000000000E+0005
 9.17483000000000E+0005    6.59869000000000E+0005
 9.17533000000000E+0005    6.59877000000000E+0005
 9.17583000000000E+0005    6.59893000000000E+0005
 9.17633000000000E+0005    6.59928000000000E+0005
 9.17666000000000E+0005    6.59985000000000E+0005
 9.17679000000000E+0005    6.60035000000000E+0005
 9.17684000000000E+0005    6.60076000000000E+0005
 9.17688000000000E+0005    6.60135000000000E+0005
 9.17694000000000E+0005    6.60186000000000E+0005
 9.17703000000000E+0005    6.60236000000000E+0005
 9.17714000000000E+0005    6.60286000000000E+0005
 9.17727000000000E+0005    6.60336000000000E+0005
 9.17741000000000E+0005    6.60386000000000E+0005
 9.17757000000000E+0005    6.60436000000000E+0005
 9.17776000000000E+0005    6.60486000000000E+0005
 9.17800000000000E+0005    6.60536000000000E+0005
 9.17827000000000E+0005    6.60587000000000E+0005
 9.17856000000000E+0005    6.60637000000000E+0005
 9.17884000000000E+0005    6.60687000000000E+0005
 9.17913000000000E+0005    6.60737000000000E+0005
 9.17935000000000E+0005    6.60782000000000E+0005
 9.17954000000000E+0005    6.60837000000000E+0005
 9.17962000000000E+0005    6.60888000000000E+0005
 9.17961000000000E+0005    6.60938000000000E+0005
 9.17951000000000E+0005    6.60988000000000E+0005
 9.17935000000000E+0005    6.61034000000000E+0005
 9.17908000000000E+0005    6.61088000000000E+0005
 9.17885000000000E+0005    6.61126000000000E+0005
 9.17834000000000E+0005    6.61187000000000E+0005
 9.17785000000000E+0005    6.61239000000000E+0005
 9.17734000000000E+0005    6.61284000000000E+0005
 9.17684000000000E+0005    6.61315000000000E+0005
 9.17638000000000E+0005    6.61339000000000E+0005
 9.17583000000000E+0005    6.61360000000000E+0005
 9.17533000000000E+0005    6.61374000000000E+0005
 9.17483000000000E+0005    6.61384000000000E+0005
 9.17450000000000E+0005    6.61389000000000E+0005
10,   19,  -1, ╘шъҐштэр  ышэш ,,913000, 649500,3,FALSE,255,0,1, 2.00000002980232E-0001,3
 9.16247000000000E+0005    6.57853000000000E+0005
 9.16318000000000E+0005    6.57762000000000E+0005
 9.16391000000000E+0005    6.57661000000000E+0005
 9.16494000000000E+0005    6.57558000000000E+0005
 9.16620000000000E+0005    6.57483000000000E+0005
 9.16752000000000E+0005    6.57438000000000E+0005
 9.16981000000000E+0005    6.57512000000000E+0005
 9.17112000000000E+0005    6.57706000000000E+0005
 9.17179000000000E+0005    6.57932000000000E+0005
 9.17201000000000E+0005    6.57945000000000E+0005
56,   19,  -1, ╘шъҐштэр  ышэш ,,913000, 649500,5,FALSE,255,0,1, 2.00000002980232E-0001,5
 9.17104000000000E+0005    6.61995000000000E+0005
 9.17084000000000E+0005    6.61991000000000E+0005
 9.17027000000000E+0005    6.62002000000000E+0005
 9.16930000000000E+0005    6.62013000000000E+0005
 9.16779000000000E+0005    6.61996000000000E+0005
 9.16628000000000E+0005    6.61924000000000E+0005
 9.16495000000000E+0005    6.61840000000000E+0005
 9.16377000000000E+0005    6.61743000000000E+0005
 9.16226000000000E+0005    6.61595000000000E+0005
 9.16112000000000E+0005    6.61489000000000E+0005
 9.15975000000000E+0005    6.61344000000000E+0005
 9.15882000000000E+0005    6.61188000000000E+0005
 9.15814000000000E+0005    6.61038000000000E+0005
 9.15769000000000E+0005    6.60888000000000E+0005
 9.15750000000000E+0005    6.60737000000000E+0005
 9.15740000000000E+0005    6.60587000000000E+0005
 9.15742000000000E+0005    6.60436000000000E+0005
 9.15753000000000E+0005    6.60286000000000E+0005
 9.15759000000000E+0005    6.60135000000000E+0005
 9.15726000000000E+0005    6.59985000000000E+0005
 9.15627000000000E+0005    6.59834000000000E+0005
 9.15501000000000E+0005    6.59734000000000E+0005
 9.15322000000000E+0005    6.59666000000000E+0005
 9.15171000000000E+0005    6.59645000000000E+0005
 9.15020000000000E+0005    6.59634000000000E+0005
 9.14869000000000E+0005    6.59617000000000E+0005
 9.14718000000000E+0005    6.59585000000000E+0005
 9.14568000000000E+0005    6.59538000000000E+0005
 9.14417000000000E+0005    6.59470000000000E+0005
 9.14274000000000E+0005    6.59383000000000E+0005
 9.14158000000000E+0005    6.59283000000000E+0005
 9.14039000000000E+0005    6.59132000000000E+0005
 9.13965000000000E+0005    6.58999000000000E+0005
 9.13882000000000E+0005    6.58832000000000E+0005
 9.13814000000000E+0005    6.58682000000000E+0005
 9.13736000000000E+0005    6.58531000000000E+0005
 9.13649000000000E+0005    6.58380000000000E+0005
 9.13627000000000E+0005    6.58230000000000E+0005
 9.13660000000000E+0005    6.58079000000000E+0005
 9.13738000000000E+0005    6.57929000000000E+0005
 9.13860000000000E+0005    6.57779000000000E+0005
 9.13980000000000E+0005    6.57678000000000E+0005
 9.14166000000000E+0005    6.57664000000000E+0005
 9.14316000000000E+0005    6.57679000000000E+0005
 9.14467000000000E+0005    6.57680000000000E+0005
 9.14618000000000E+0005    6.57652000000000E+0005
 9.14769000000000E+0005    6.57586000000000E+0005
 9.14920000000000E+0005    6.57516000000000E+0005
 9.15070000000000E+0005    6.57487000000000E+0005
 9.15221000000000E+0005    6.57512000000000E+0005
 9.15372000000000E+0005    6.57598000000000E+0005
 9.15523000000000E+0005    6.57708000000000E+0005
 9.15693000000000E+0005    6.57820000000000E+0005
 9.15880000000000E+0005    6.57890000000000E+0005
 9.16068000000000E+0005    6.57890000000000E+0005
 9.16305000000000E+0005    6.57813000000000E+0005
21,   19,  -1, ╘шъҐштэр  ышэш ,,913000, 649500,6,FALSE,255,0,1, 2.00000002980232E-0001,6
 9.17183000000000E+0005    6.57911000000000E+0005
 9.17187000000000E+0005    6.57941000000000E+0005
 9.17202000000000E+0005    6.57974000000000E+0005
 9.17214000000000E+0005    6.57996000000000E+0005
 9.17226000000000E+0005    6.58017000000000E+0005
 9.17233000000000E+0005    6.58029000000000E+0005
 9.17261000000000E+0005    6.58079000000000E+0005
 9.17282000000000E+0005    6.58114000000000E+0005
 9.17291000000000E+0005    6.58130000000000E+0005
 9.17325000000000E+0005    6.58180000000000E+0005
 9.17332000000000E+0005    6.58190000000000E+0005
 9.17360000000000E+0005    6.58230000000000E+0005
 9.17382000000000E+0005    6.58258000000000E+0005
 9.17398000000000E+0005    6.58280000000000E+0005
 9.17432000000000E+0005    6.58321000000000E+0005
 9.17440000000000E+0005    6.58330000000000E+0005
 9.17483000000000E+0005    6.58375000000000E+0005
 9.17488000000000E+0005    6.58380000000000E+0005
 9.17520000000000E+0005    6.58423000000000E+0005
 9.17586000000000E+0005    6.58457000000000E+0005
 9.17626000000000E+0005    6.58468000000000E+0005
44,   19,  -1, ╘шъҐштэр  ышэш ,,913000, 649500,7,FALSE,255,0,1, 2.00000002980232E-0001,7
 9.17587000000000E+0005    6.58445000000000E+0005
 9.17784000000000E+0005    6.58573000000000E+0005
 9.17925000000000E+0005    6.58631000000000E+0005
 9.18086000000000E+0005    6.58659000000000E+0005
 9.18236000000000E+0005    6.58680000000000E+0005
 9.18387000000000E+0005    6.58723000000000E+0005
 9.18538000000000E+0005    6.58765000000000E+0005
 9.18689000000000E+0005    6.58776000000000E+0005
 9.18840000000000E+0005    6.58758000000000E+0005
 9.18990000000000E+0005    6.58722000000000E+0005
 9.19141000000000E+0005    6.58683000000000E+0005
 9.19292000000000E+0005    6.58692000000000E+0005
 9.19434000000000E+0005    6.58832000000000E+0005
 9.19482000000000E+0005    6.58982000000000E+0005
 9.19470000000000E+0005    6.59132000000000E+0005
 9.19421000000000E+0005    6.59283000000000E+0005
 9.19322000000000E+0005    6.59433000000000E+0005
 9.19191000000000E+0005    6.59582000000000E+0005
 9.19059000000000E+0005    6.59734000000000E+0005
 9.18964000000000E+0005    6.59885000000000E+0005
 9.18901000000000E+0005    6.60035000000000E+0005
 9.18867000000000E+0005    6.60186000000000E+0005
 9.18872000000000E+0005    6.60336000000000E+0005
 9.18884000000000E+0005    6.60486000000000E+0005
 9.18906000000000E+0005    6.60637000000000E+0005
 9.18911000000000E+0005    6.60787000000000E+0005
 9.18895000000000E+0005    6.60938000000000E+0005
 9.18869000000000E+0005    6.61088000000000E+0005
 9.18828000000000E+0005    6.61239000000000E+0005
 9.18763000000000E+0005    6.61389000000000E+0005
 9.18671000000000E+0005    6.61539000000000E+0005
 9.18538000000000E+0005    6.61659000000000E+0005
 9.18387000000000E+0005    6.61718000000000E+0005
 9.18236000000000E+0005    6.61754000000000E+0005
 9.18086000000000E+0005    6.61772000000000E+0005
 9.17935000000000E+0005    6.61786000000000E+0005
 9.17784000000000E+0005    6.61801000000000E+0005
 9.17633000000000E+0005    6.61823000000000E+0005
 9.17483000000000E+0005    6.61855000000000E+0005
 9.17332000000000E+0005    6.61903000000000E+0005
 9.17181000000000E+0005    6.61962000000000E+0005
 9.17158000000000E+0005    6.61970000000000E+0005
 9.17099000000000E+0005    6.61989000000000E+0005
 9.17091000000000E+0005    6.62005000000000E+0005
1,   34,  -1, ├ЁрэшІр чрыхцш,▌ыхьхэҐ 1,919460, 658857,0,TRUE,8421631,0,1, 2.00000002980232E-0001,0
 9.15392000000000E+0005    6.61341000000000E+0005
1,   34,  -1, ├ЁрэшІр чрыхцш,╟рыхц№ 2,919230, 652529,1,TRUE,8421631,0,1, 2.00000002980232E-0001,1
 9.20426000000000E+0005    6.49937000000000E+0005
1,   34,  -1, ├ЁрэшІр чрыхцш,╟рыхц№ 1,914758, 659615,2,TRUE,8421631,0,1, 2.00000002980232E-0001,2
 9.14955000000000E+0005    6.59810000000000E+0005
1,   34,  -1, ├ЁрэшІр чрыхцш,▌ыхьхэҐ 2,917052, 650333,3,TRUE,8421631,0,1, 2.00000002980232E-0001,3
 9.17428000000000E+0005    6.51840000000000E+0005
16,   43,  -1, ▌ыхьхэҐ,▌ыхьхэҐ ╣1,913000, 649500,1,FALSE,12632256,0,0, 2.00000002980232E-0001,1
 9.18381000000000E+0005    6.56676000000000E+0005
 9.13476000000000E+0005    6.56861000000000E+0005
 9.13606000000000E+0005    6.62833000000000E+0005
 9.20098000000000E+0005    6.62582000000000E+0005
 9.19911000000000E+0005    6.58021000000000E+0005
 9.18506000000000E+0005    6.58058000000000E+0005
 9.18381000000000E+0005    6.56676000000000E+0005
 9.18381000000000E+0005    6.56676000000000E+0005
 9.18381000000000E+0005    6.56676000000000E+0005
 9.18381000000000E+0005    6.56676000000000E+0005
 9.18381000000000E+0005    6.56676000000000E+0005
 9.18381000000000E+0005    6.56676000000000E+0005
 9.18381000000000E+0005    6.56676000000000E+0005
 9.18381000000000E+0005    6.56676000000000E+0005
 9.18381000000000E+0005    6.56676000000000E+0005
 9.18381000000000E+0005    6.56676000000000E+0005
9,   43,  -1, ▌ыхьхэҐ,▌ыхьхэҐ ╣2,913000, 649500,3,FALSE,12632256,0,0, 2.00000002980232E-0001,3
 9.19839000000000E+0005    6.54442000000000E+0005
 9.17309000000000E+0005    6.54442000000000E+0005
 9.16915000000000E+0005    6.49619000000000E+0005
 9.20184000000000E+0005    6.49389000000000E+0005
 9.19994000000000E+0005    6.52866000000000E+0005
 9.19935000000000E+0005    6.53296000000000E+0005
 9.19887000000000E+0005    6.53702000000000E+0005
 9.19923000000000E+0005    6.54286000000000E+0005
 9.19839000000000E+0005    6.54442000000000E+0005
