275, , 0
      916978        662011
      917031        662004
      917081        661994
      917129        661980
      917176        661964
      917227        661944
      917234        661946
      917266        661929
      917316        661909
      917367        661891
      917419        661874
      917466        661859
      917519        661845
      917572        661833
      917625        661823
      917678        661814
      917731        661803
      917780        661792
      917833        661779
      917885        661765
      917931        661747
      917980        661723
      918027        661696
      918069        661669
      918111        661635
      918151        661599
      918188        661559
      918224        661523
      918257        661480
      918288        661436
      918316        661390
      918344        661343
      918366        661298
      918384        661247
      918399        661195
      918413        661147
      918428        661095
      918444        661048
      918458        660995
      918468        660947
      918476        660897
      918483        660841
      918490        660784
      918497        660725
      918499        660662
      918495        660595
      918487        660527
      918472        660456
      918456        660405
      918438        660354
      918416        660304
      918392        660256
      918367        660208
      918344        660161
      918320        660114
      918294        660069
      918266        660026
      918236        659986
      918207        659944
      918181        659900
      918159        659852
      918139        659802
      918118        659753
      918097        659705
      918077        659653
      918062        659597
      918046        659539
      918028        659484
      918037        659511
      918019        659456
      918009        659398
      918002        659341
      917989        659284
      917970        659229
      917949        659173
      917928        659119
      917908        659068
      917886        659021
      917861        658976
      917834        658931
      917798        658891
      917755        658853
      917709        658816
      917664        658778
      917621        658745
      917576        658718
      917509        658675
      917454        658618
      917594        658507
      917488        658380
      917483        658375
      917441        658330
      917432        658321
      917398        658280
      917382        658259
      917360        658230
      917332        658190
      917325        658180
      917291        658130
      917282        658114
      917261        658079
      917233        658029
      917231        658025
      917206        657979
      917181        657929
      917182        657935
      917150        657849
      917126        657771
      917112        657706
      917104        657650
      917090        657555
      917084        657478
      917079        657426
      917073        657374
      917068        657315
      917056        657232
      917043        657154
      917026        657087
      916998        657012
      916970        656956
      916925        656903
      916872        656861
      916822        656839
      916766        656825
      916716        656822
      916672        656825
      916630        656830
      916590        656844
      916555        656869
      916524        656906
      916499        656939
      916477        656989
      916456        657046
      916438        657095
      916418        657170
      916404        657251
      916395        657326
      916392        657414
      916387        657492
      916376        657578
      916362        657656
      916340        657725
      916318        657762
      916295        657801
      916285        657810
      916251        657835
      916223        657818
      916212        657821
      916164        657845
      916116        657870
      916066        657892
      916014        657904
      915960        657905
      915906        657896
      915853        657884
      915802        657868
      915751        657848
      915702        657825
      915655        657798
      915610        657769
      915564        657740
      915516        657727
      915466        657730
      915418        657743
      915367        657761
      915318        657783
      915269        657807
      915223        657836
      915179        657868
      915135        657898
      915087        657923
      915041        657952
      914995        657981
      914949        658009
      914904        658040
      914859        658070
      914815        658101
      914770        658132
      914726        658162
      914681        658194
      914637        658225
      914593        658257
      914551        658291
      914512        658328
      914476        658368
      914444        658412
      914414        658457
      914393        658507
      914381        658559
      914375        658613
      914373        658667
      914372        658722
      914375        658776
      914378        658825
      914384        658879
      914390        658933
      914399        658987
      914414        659039
      914428        659087
      914442        659139
      914459        659186
      914482        659235
      914507        659278
      914540        659321
      914574        659358
      914612        659396
      914654        659431
      914693        659462
      914737        659494
      914782        659523
      914830        659549
      914879        659571
      914929        659593
      914979        659613
      915030        659630
      915084        659639
      915138        659642
      915188        659646
      915242        659651
      915295        659660
      915347        659674
      915399        659691
      915445        659710
      915494        659734
      915539        659763
      915582        659796
      915622        659832
      915657        659873
      915688        659918
      915714        659966
      915733        660016
      915748        660068
      915756        660118
      915759        660167
      915758        660217
      915756        660272
      915751        660321
      915747        660371
      915744        660421
      915742        660471
      915741        660521
      915742        660575
      915744        660625
      915748        660679
      915752        660733
      915758        660783
      915765        660832
      915775        660886
      915788        660938
      915801        660991
      915815        661043
      915834        661094
      915857        661143
      915883        661191
      915906        661239
      915929        661289
      915975        661344
      916025        661400
      916075        661452
      916126        661502
      916176        661549
      916226        661595
      916276        661644
      916327        661694
      916377        661743
      916431        661790
      916477        661827
      916528        661863
      916603        661910
      916665        661946
      916713        661970
      916764        661990
      916816        662004
      916869        662012
      916923        662014
358, , 0
      918518        653715
      918544        653709
      918574        653701
      918603        653692
      918631        653682
      918659        653671
      918686        653660
      918713        653647
      918735        653636
      918762        653621
      918788        653605
      918813        653589
      918838        653571
      918861        653553
      918884        653534
      918899        653521
      918921        653501
      918942        653481
      918962        653460
      918981        653437
      918999        653412
      919016        653383
      919018        653380
      919030        653357
      919041        653331
      919052        653304
      919063        653276
      919073        653247
      919082        653217
      919091        653187
      919100        653156
      919108        653125
      919111        653114
      919117        653085
      919123        653055
      919128        653024
      919133        652993
      919138        652961
      919142        652930
      919146        652900
      919151        652870
      919155        652843
      919159        652817
      919164        652786
      919170        652754
      919175        652724
      919179        652696
      919184        652669
      919190        652642
      919197        652614
      919204        652588
      919212        652559
      919220        652530
      919229        652501
      919239        652473
      919250        652445
      919261        652417
      919272        652393
      919285        652367
      919299        652340
      919314        652314
      919329        652288
      919345        652262
      919361        652237
      919376        652215
      919393        652191
      919412        652167
      919430        652143
      919449        652120
      919467        652096
      919484        652071
      919499        652048
      919515        652023
      919530        651997
      919545        651971
      919560        651945
      919576        651919
      919592        651894
      919606        651873
      919623        651849
      919641        651825
      919659        651801
      919676        651777
      919693        651752
      919710        651726
      919718        651713
      919733        651688
      919747        651662
      919762        651636
      919776        651609
      919790        651582
      919803        651555
      919816        651527
      919824        651509
      919835        651481
      919846        651453
      919857        651425
      919867        651396
      919876        651368
      919885        651339
      919893        651310
      919898        651290
      919906        651261
      919913        651232
      919919        651203
      919925        651173
      919930        651143
      919935        651114
      919938        651084
      919940        651064
      919942        651034
      919944        651004
      919945        650974
      919945        650944
      919944        650914
      919942        650884
      919939        650854
      919936        650835
      919932        650805
      919926        650776
      919919        650746
      919911        650717
      919903        650688
      919894        650660
      919884        650631
      919877        650611
      919866        650583
      919855        650556
      919843        650528
      919830        650501
      919817        650474
      919803        650447
      919790        650420
      919782        650403
      919768        650376
      919754        650349
      919740        650323
      919726        650296
      919710        650271
      919694        650245
      919677        650221
      919665        650205
      919646        650182
      919626        650160
      919605        650138
      919584        650116
      919562        650095
      919540        650074
      919519        650053
      919505        650039
      919484        650017
      919462        649996
      919441        649975
      919419        649954
      919397        649934
      919374        649915
      919351        649896
      919336        649884
      919311        649866
      919287        649849
      919261        649832
      919236        649816
      919209        649801
      919182        649788
      919155        649777
      919137        649771
      919108        649764
      919078        649758
      919047        649753
      919017        649750
      918986        649748
      918957        649746
      918928        649745
      918905        649744
      918874        649745
      918844        649746
      918814        649748
      918785        649751
      918756        649756
      918727        649762
      918706        649767
      918677        649776
      918649        649786
      918621        649797
      918593        649808
      918565        649821
      918538        649833
      918519        649842
      918492        649855
      918465        649869
      918439        649883
      918413        649898
      918387        649914
      918362        649930
      918344        649942
      918319        649959
      918295        649977
      918271        649995
      918248        650014
      918225        650033
      918202        650053
      918186        650068
      918164        650089
      918143        650110
      918122        650131
      918101        650153
      918080        650175
      918059        650196
      918044        650211
      918022        650232
      918001        650253
      917979        650274
      917958        650295
      917937        650317
      917917        650339
      917903        650355
      917884        650378
      917865        650402
      917847        650426
      917829        650450
      917811        650474
      917793        650498
      917780        650516
      917762        650540
      917745        650565
      917728        650589
      917711        650614
      917695        650639
      917679        650665
      917668        650684
      917654        650710
      917640        650737
      917626        650764
      917613        650791
      917601        650818
      917590        650846
      917583        650866
      917573        650895
      917564        650923
      917556        650952
      917549        650982
      917542        651011
      917535        651040
      917530        651061
      917524        651091
      917519        651120
      917514        651149
      917509        651179
      917505        651209
      917501        651239
      917501        651240
      917497        651268
      917494        651295
      917490        651323
      917487        651351
      917485        651381
      917485        651413
      917486        651449
      917488        651472
      917490        651500
      917492        651529
      917495        651560
      917499        651591
      917503        651623
      917508        651655
      917513        651686
      917519        651716
      917525        651746
      917532        651773
      917534        651781
      917544        651811
      917555        651841
      917567        651869
      917579        651897
      917593        651924
      917606        651951
      917619        651977
      917631        652002
      917643        652027
      917649        652041
      917663        652070
      917676        652098
      917688        652125
      917701        652151
      917713        652177
      917726        652203
      917739        652229
      917740        652231
      917755        652258
      917771        652282
      917787        652307
      917802        652331
      917817        652357
      917830        652385
      917840        652416
      917842        652424
      917848        652451
      917853        652480
      917858        652510
      917861        652542
      917864        652574
      917865        652606
      917866        652637
      917866        652666
      917864        652694
      917862        652710
      917857        652741
      917848        652770
      917839        652798
      917828        652825
      917818        652853
      917809        652881
      917802        652910
      917798        652932
      917792        652961
      917786        652990
      917781        653019
      917777        653049
      917774        653079
      917774        653110
      917776        653141
      917776        653141
      917780        653169
      917784        653197
      917790        653226
      917798        653255
      917807        653285
      917817        653314
      917828        653343
      917841        653371
      917856        653399
      917858        653402
      917873        653427
      917890        653452
      917908        653478
      917927        653503
      917947        653527
      917968        653551
      917990        653574
      918011        653594
      918033        653613
      918055        653629
      918062        653634
      918090        653649
      918118        653661
      918147        653671
      918176        653678
      918206        653684
      918236        653689
      918265        653694
      918293        653699
      918309        653702
      918340        653707
      918370        653710
      918400        653713
      918430        653715
      918459        653716
      918489        653716
