341,   0,         0, ┬эхЇэшщ ъюэҐґЁ эхЄҐхэюёэюёҐш,,934325, 686025,1,TRUE,16711680,2,1, 6.99999988079071E-0001,1
 9.51666000000000E+0005    6.99786000000000E+0005
 9.51546000000000E+0005    6.99806000000000E+0005
 9.51465000000000E+0005    6.99837000000000E+0005
 9.51388000000000E+0005    6.99878000000000E+0005
 9.51319000000000E+0005    6.99932000000000E+0005
 9.51265000000000E+0005    7.00000000000000E+0005
 9.51232000000000E+0005    7.00081000000000E+0005
 9.51217000000000E+0005    7.00167000000000E+0005
 9.51205000000000E+0005    7.00253000000000E+0005
 9.51186000000000E+0005    7.00339000000000E+0005
 9.51151000000000E+0005    7.00419000000000E+0005
 9.51092000000000E+0005    7.00482000000000E+0005
 9.51020000000000E+0005    7.00533000000000E+0005
 9.50936000000000E+0005    7.00544000000000E+0005
 9.50863000000000E+0005    7.00497000000000E+0005
 9.50795000000000E+0005    7.00443000000000E+0005
 9.50738000000000E+0005    7.00377000000000E+0005
 9.50696000000000E+0005    7.00300000000000E+0005
 9.50666000000000E+0005    7.00218000000000E+0005
 9.50642000000000E+0005    7.00134000000000E+0005
 9.50619000000000E+0005    7.00049000000000E+0005
 9.50596000000000E+0005    6.99965000000000E+0005
 9.50565000000000E+0005    6.99883000000000E+0005
 9.50526000000000E+0005    6.99805000000000E+0005
 9.50481000000000E+0005    6.99730000000000E+0005
 9.50425000000000E+0005    6.99663000000000E+0005
 9.50361000000000E+0005    6.99604000000000E+0005
 9.50289000000000E+0005    6.99554000000000E+0005
 9.50211000000000E+0005    6.99513000000000E+0005
 9.50130000000000E+0005    6.99482000000000E+0005
 9.50045000000000E+0005    6.99462000000000E+0005
 9.49958000000000E+0005    6.99450000000000E+0005
 9.49871000000000E+0005    6.99449000000000E+0005
 9.49784000000000E+0005    6.99458000000000E+0005
 9.49697000000000E+0005    6.99474000000000E+0005
 9.49611000000000E+0005    6.99484000000000E+0005
 9.49523000000000E+0005    6.99481000000000E+0005
 9.49438000000000E+0005    6.99460000000000E+0005
 9.49358000000000E+0005    6.99425000000000E+0005
 9.49282000000000E+0005    6.99382000000000E+0005
 9.49210000000000E+0005    6.99332000000000E+0005
 9.49142000000000E+0005    6.99281000000000E+0005
 9.49073000000000E+0005    6.99228000000000E+0005
 9.49005000000000E+0005    6.99173000000000E+0005
 9.48940000000000E+0005    6.99114000000000E+0005
 9.48875000000000E+0005    6.99056000000000E+0005
 9.48808000000000E+0005    6.98999000000000E+0005
 9.48740000000000E+0005    6.98944000000000E+0005
 9.48675000000000E+0005    6.98886000000000E+0005
 9.48618000000000E+0005    6.98819000000000E+0005
 9.48572000000000E+0005    6.98745000000000E+0005
 9.48536000000000E+0005    6.98665000000000E+0005
 9.48507000000000E+0005    6.98583000000000E+0005
 9.48481000000000E+0005    6.98499000000000E+0005
 9.48452000000000E+0005    6.98417000000000E+0005
 9.48419000000000E+0005    6.98336000000000E+0005
 9.48380000000000E+0005    6.98258000000000E+0005
 9.48330000000000E+0005    6.98186000000000E+0005
 9.48268000000000E+0005    6.98124000000000E+0005
 9.48201000000000E+0005    6.98068000000000E+0005
 9.48133000000000E+0005    6.98013000000000E+0005
 9.48073000000000E+0005    6.97949000000000E+0005
 9.48028000000000E+0005    6.97875000000000E+0005
 9.48000000000000E+0005    6.97792000000000E+0005
 9.47985000000000E+0005    6.97706000000000E+0005
 9.47968000000000E+0005    6.97621000000000E+0005
 9.47937000000000E+0005    6.97539000000000E+0005
 9.47909000000000E+0005    6.97456000000000E+0005
 9.47940000000000E+0005    6.97381000000000E+0005
 9.48023000000000E+0005    6.97357000000000E+0005
 9.48110000000000E+0005    6.97362000000000E+0005
 9.48195000000000E+0005    6.97384000000000E+0005
 9.48276000000000E+0005    6.97417000000000E+0005
 9.48358000000000E+0005    6.97445000000000E+0005
 9.48443000000000E+0005    6.97469000000000E+0005
 9.48523000000000E+0005    6.97504000000000E+0005
 9.48602000000000E+0005    6.97541000000000E+0005
 9.48686000000000E+0005    6.97563000000000E+0005
 9.48773000000000E+0005    6.97561000000000E+0005
 9.48833000000000E+0005    6.97504000000000E+0005
 9.48849000000000E+0005    6.97419000000000E+0005
 9.48864000000000E+0005    6.97333000000000E+0005
 9.48889000000000E+0005    6.97247000000000E+0005
 9.48906000000000E+0005    6.97161000000000E+0005
 9.48938000000000E+0005    6.97080000000000E+0005
 9.48997000000000E+0005    6.97017000000000E+0005
 9.49069000000000E+0005    6.96966000000000E+0005
 9.49136000000000E+0005    6.96910000000000E+0005
 9.49204000000000E+0005    6.96855000000000E+0005
 9.49281000000000E+0005    6.96814000000000E+0005
 9.49365000000000E+0005    6.96787000000000E+0005
 9.49450000000000E+0005    6.96765000000000E+0005
 9.49535000000000E+0005    6.96743000000000E+0005
 9.49619000000000E+0005    6.96719000000000E+0005
 9.49703000000000E+0005    6.96694000000000E+0005
 9.49788000000000E+0005    6.96660000000000E+0005
 9.49867000000000E+0005    6.96624000000000E+0005
 9.49949000000000E+0005    6.96593000000000E+0005
 9.50035000000000E+0005    6.96574000000000E+0005
 9.50122000000000E+0005    6.96575000000000E+0005
 9.50208000000000E+0005    6.96593000000000E+0005
 9.50293000000000E+0005    6.96611000000000E+0005
 9.50379000000000E+0005    6.96625000000000E+0005
 9.50467000000000E+0005    6.96625000000000E+0005
 9.50553000000000E+0005    6.96610000000000E+0005
 9.50636000000000E+0005    6.96582000000000E+0005
 9.50718000000000E+0005    6.96552000000000E+0005
 9.50795000000000E+0005    6.96511000000000E+0005
 9.50865000000000E+0005    6.96459000000000E+0005
 9.50925000000000E+0005    6.96396000000000E+0005
 9.50980000000000E+0005    6.96328000000000E+0005
 9.51026000000000E+0005    6.96253000000000E+0005
 9.51067000000000E+0005    6.96176000000000E+0005
 9.51105000000000E+0005    6.96098000000000E+0005
 9.51142000000000E+0005    6.96020000000000E+0005
 9.51173000000000E+0005    6.95939000000000E+0005
 9.51204000000000E+0005    6.95857000000000E+0005
 9.51216000000000E+0005    6.95775000000000E+0005
 9.51219000000000E+0005    6.95683000000000E+0005
 9.51196000000000E+0005    6.95600000000000E+0005
 9.51136000000000E+0005    6.95538000000000E+0005
 9.51061000000000E+0005    6.95493000000000E+0005
 9.50975000000000E+0005    6.95477000000000E+0005
 9.50889000000000E+0005    6.95461000000000E+0005
 9.50806000000000E+0005    6.95434000000000E+0005
 9.50728000000000E+0005    6.95394000000000E+0005
 9.50654000000000E+0005    6.95348000000000E+0005
 9.50573000000000E+0005    6.95317000000000E+0005
 9.50487000000000E+0005    6.95319000000000E+0005
 9.50407000000000E+0005    6.95354000000000E+0005
 9.50315000000000E+0005    6.95391000000000E+0005
 9.50231000000000E+0005    6.95398000000000E+0005
 9.50145000000000E+0005    6.95385000000000E+0005
 9.50057000000000E+0005    6.95385000000000E+0005
 9.49973000000000E+0005    6.95407000000000E+0005
 9.49890000000000E+0005    6.95434000000000E+0005
 9.49803000000000E+0005    6.95442000000000E+0005
 9.49739000000000E+0005    6.95497000000000E+0005
 9.49688000000000E+0005    6.95568000000000E+0005
 9.49630000000000E+0005    6.95633000000000E+0005
 9.49568000000000E+0005    6.95695000000000E+0005
 9.49514000000000E+0005    6.95763000000000E+0005
 9.49470000000000E+0005    6.95839000000000E+0005
 9.49426000000000E+0005    6.95913000000000E+0005
 9.49351000000000E+0005    6.95958000000000E+0005
 9.49266000000000E+0005    6.95975000000000E+0005
 9.49179000000000E+0005    6.95963000000000E+0005
 9.49098000000000E+0005    6.95931000000000E+0005
 9.49033000000000E+0005    6.95875000000000E+0005
 9.48996000000000E+0005    6.95796000000000E+0005
 9.48975000000000E+0005    6.95711000000000E+0005
 9.48958000000000E+0005    6.95626000000000E+0005
 9.48968000000000E+0005    6.95540000000000E+0005
 9.49011000000000E+0005    6.95464000000000E+0005
 9.49058000000000E+0005    6.95391000000000E+0005
 9.49083000000000E+0005    6.95307000000000E+0005
 9.49106000000000E+0005    6.95224000000000E+0005
 9.49154000000000E+0005    6.95151000000000E+0005
 9.49219000000000E+0005    6.95092000000000E+0005
 9.49288000000000E+0005    6.95038000000000E+0005
 9.49360000000000E+0005    6.94989000000000E+0005
 9.49436000000000E+0005    6.94947000000000E+0005
 9.49518000000000E+0005    6.94914000000000E+0005
 9.49597000000000E+0005    6.94878000000000E+0005
 9.49662000000000E+0005    6.94821000000000E+0005
 9.49703000000000E+0005    6.94744000000000E+0005
 9.49727000000000E+0005    6.94660000000000E+0005
 9.49740000000000E+0005    6.94574000000000E+0005
 9.49738000000000E+0005    6.94486000000000E+0005
 9.49725000000000E+0005    6.94400000000000E+0005
 9.49708000000000E+0005    6.94314000000000E+0005
 9.49720000000000E+0005    6.94229000000000E+0005
 9.49774000000000E+0005    6.94161000000000E+0005
 9.49836000000000E+0005    6.94100000000000E+0005
 9.49891000000000E+0005    6.94032000000000E+0005
 9.49929000000000E+0005    6.93953000000000E+0005
 9.49940000000000E+0005    6.93866000000000E+0005
 9.49931000000000E+0005    6.93779000000000E+0005
 9.49898000000000E+0005    6.93699000000000E+0005
 9.49847000000000E+0005    6.93628000000000E+0005
 9.49790000000000E+0005    6.93562000000000E+0005
 9.49761000000000E+0005    6.93482000000000E+0005
 9.49792000000000E+0005    6.93403000000000E+0005
 9.49857000000000E+0005    6.93345000000000E+0005
 9.49934000000000E+0005    6.93303000000000E+0005
 9.49999000000000E+0005    6.93246000000000E+0005
 9.50039000000000E+0005    6.93169000000000E+0005
 9.50066000000000E+0005    6.93085000000000E+0005
 9.50090000000000E+0005    6.93001000000000E+0005
 9.50111000000000E+0005    6.92916000000000E+0005
 9.50082000000000E+0005    6.92839000000000E+0005
 9.50006000000000E+0005    6.92796000000000E+0005
 9.49929000000000E+0005    6.92753000000000E+0005
 9.49857000000000E+0005    6.92705000000000E+0005
 9.49792000000000E+0005    6.92647000000000E+0005
 9.49733000000000E+0005    6.92583000000000E+0005
 9.49676000000000E+0005    6.92516000000000E+0005
 9.49621000000000E+0005    6.92448000000000E+0005
 9.49554000000000E+0005    6.92392000000000E+0005
 9.49471000000000E+0005    6.92372000000000E+0005
 9.49387000000000E+0005    6.92393000000000E+0005
 9.49311000000000E+0005    6.92436000000000E+0005
 9.49238000000000E+0005    6.92484000000000E+0005
 9.49165000000000E+0005    6.92532000000000E+0005
 9.49090000000000E+0005    6.92578000000000E+0005
 9.49013000000000E+0005    6.92619000000000E+0005
 9.48933000000000E+0005    6.92655000000000E+0005
 9.48848000000000E+0005    6.92673000000000E+0005
 9.48764000000000E+0005    6.92656000000000E+0005
 9.48713000000000E+0005    6.92588000000000E+0005
 9.48692000000000E+0005    6.92504000000000E+0005
 9.48670000000000E+0005    6.92420000000000E+0005
 9.48629000000000E+0005    6.92342000000000E+0005
 9.48572000000000E+0005    6.92277000000000E+0005
 9.48501000000000E+0005    6.92226000000000E+0005
 9.48422000000000E+0005    6.92189000000000E+0005
 9.48336000000000E+0005    6.92174000000000E+0005
 9.48250000000000E+0005    6.92185000000000E+0005
 9.48167000000000E+0005    6.92213000000000E+0005
 9.48088000000000E+0005    6.92251000000000E+0005
 9.48014000000000E+0005    6.92297000000000E+0005
 9.47943000000000E+0005    6.92348000000000E+0005
 9.47876000000000E+0005    6.92405000000000E+0005
 9.47810000000000E+0005    6.92462000000000E+0005
 9.47770000000000E+0005    6.92545000000000E+0005
 9.47711000000000E+0005    6.92617000000000E+0005
 9.47673000000000E+0005    6.92684000000000E+0005
 9.47643000000000E+0005    6.92739000000000E+0005
 9.47610000000000E+0005    6.92794000000000E+0005
 9.47584000000000E+0005    6.92870000000000E+0005
 9.47563000000000E+0005    6.92924000000000E+0005
 9.47551000000000E+0005    6.92983000000000E+0005
 9.47538000000000E+0005    6.93040000000000E+0005
 9.47534000000000E+0005    6.93092000000000E+0005
 9.47532000000000E+0005    6.93158000000000E+0005
 9.47517000000000E+0005    6.93224000000000E+0005
 9.47513000000000E+0005    6.93279000000000E+0005
 9.47491000000000E+0005    6.93359000000000E+0005
 9.47480000000000E+0005    6.93433000000000E+0005
 9.47482000000000E+0005    6.93519000000000E+0005
 9.47508000000000E+0005    6.93603000000000E+0005
 9.47532000000000E+0005    6.93673000000000E+0005
 9.47566000000000E+0005    6.93754000000000E+0005
 9.47588000000000E+0005    6.93835000000000E+0005
 9.47625000000000E+0005    6.93962000000000E+0005
 9.47635000000000E+0005    6.94004000000000E+0005
 9.47670000000000E+0005    6.94085000000000E+0005
 9.47700000000000E+0005    6.94167000000000E+0005
 9.47739000000000E+0005    6.94245000000000E+0005
 9.47794000000000E+0005    6.94312000000000E+0005
 9.47855000000000E+0005    6.94375000000000E+0005
 9.47901000000000E+0005    6.94449000000000E+0005
 9.47934000000000E+0005    6.94530000000000E+0005
 9.47979000000000E+0005    6.94604000000000E+0005
 9.48037000000000E+0005    6.94670000000000E+0005
 9.48084000000000E+0005    6.94744000000000E+0005
 9.48109000000000E+0005    6.94827000000000E+0005
 9.48108000000000E+0005    6.94914000000000E+0005
 9.48088000000000E+0005    6.95000000000000E+0005
 9.48067000000000E+0005    6.95085000000000E+0005
 9.48043000000000E+0005    6.95169000000000E+0005
 9.48007000000000E+0005    6.95248000000000E+0005
 9.47960000000000E+0005    6.95322000000000E+0005
 9.47908000000000E+0005    6.95392000000000E+0005
 9.47862000000000E+0005    6.95466000000000E+0005
 9.47839000000000E+0005    6.95552000000000E+0005
 9.47818000000000E+0005    6.95637000000000E+0005
 9.47805000000000E+0005    6.95723000000000E+0005
 9.47787000000000E+0005    6.95809000000000E+0005
 9.47759000000000E+0005    6.95891000000000E+0005
 9.47723000000000E+0005    6.95971000000000E+0005
 9.47689000000000E+0005    6.96052000000000E+0005
 9.47661000000000E+0005    6.96135000000000E+0005
 9.47642000000000E+0005    6.96220000000000E+0005
 9.47630000000000E+0005    6.96307000000000E+0005
 9.47621000000000E+0005    6.96393000000000E+0005
 9.47607000000000E+0005    6.96474000000000E+0005
 9.47588000000000E+0005    6.96559000000000E+0005
 9.47559000000000E+0005    6.96642000000000E+0005
 9.47519000000000E+0005    6.96719000000000E+0005
 9.47457000000000E+0005    6.96781000000000E+0005
 9.47381000000000E+0005    6.96824000000000E+0005
 9.47301000000000E+0005    6.96858000000000E+0005
 9.47223000000000E+0005    6.96897000000000E+0005
 9.47143000000000E+0005    6.96934000000000E+0005
 9.47068000000000E+0005    6.96978000000000E+0005
 9.46997000000000E+0005    6.97030000000000E+0005
 9.46930000000000E+0005    6.97085000000000E+0005
 9.46873000000000E+0005    6.97151000000000E+0005
 9.46827000000000E+0005    6.97226000000000E+0005
 9.46791000000000E+0005    6.97305000000000E+0005
 9.46775000000000E+0005    6.97391000000000E+0005
 9.46781000000000E+0005    6.97478000000000E+0005
 9.46795000000000E+0005    6.97564000000000E+0005
 9.46798000000000E+0005    6.97652000000000E+0005
 9.46778000000000E+0005    6.97736000000000E+0005
 9.46738000000000E+0005    6.97814000000000E+0005
 9.46677000000000E+0005    6.97876000000000E+0005
 9.46602000000000E+0005    6.97921000000000E+0005
 9.46526000000000E+0005    6.97945000000000E+0005
 9.46441000000000E+0005    6.97968000000000E+0005
 9.46360000000000E+0005    6.97999000000000E+0005
 9.46279000000000E+0005    6.98033000000000E+0005
 9.46195000000000E+0005    6.98055000000000E+0005
 9.46108000000000E+0005    6.98067000000000E+0005
 9.46021000000000E+0005    6.98068000000000E+0005
 9.45934000000000E+0005    6.98058000000000E+0005
 9.45849000000000E+0005    6.98038000000000E+0005
 9.45767000000000E+0005    6.98007000000000E+0005
 9.45689000000000E+0005    6.97968000000000E+0005
 9.45614000000000E+0005    6.97922000000000E+0005
 9.45541000000000E+0005    6.97875000000000E+0005
 9.45465000000000E+0005    6.97830000000000E+0005
 9.45386000000000E+0005    6.97793000000000E+0005
 9.45305000000000E+0005    6.97762000000000E+0005
 9.45224000000000E+0005    6.97729000000000E+0005
 9.45147000000000E+0005    6.97687000000000E+0005
 9.45075000000000E+0005    6.97638000000000E+0005
 9.45007000000000E+0005    6.97579000000000E+0005
 9.44956000000000E+0005    6.97516000000000E+0005
 9.44901000000000E+0005    6.97446000000000E+0005
 9.44861000000000E+0005    6.97377000000000E+0005
 9.44816000000000E+0005    6.97309000000000E+0005
 9.44771000000000E+0005    6.97243000000000E+0005
 9.44721000000000E+0005    6.97170000000000E+0005
 9.44676000000000E+0005    6.97104000000000E+0005
 9.44629000000000E+0005    6.97039000000000E+0005
 9.44587000000000E+0005    6.96971000000000E+0005
 9.44543000000000E+0005    6.96904000000000E+0005
 9.44503000000000E+0005    6.96834000000000E+0005
 9.44461000000000E+0005    6.96766000000000E+0005
 9.44425000000000E+0005    6.96694000000000E+0005
 9.44386000000000E+0005    6.96624000000000E+0005
 9.44342000000000E+0005    6.96557000000000E+0005
 9.44295000000000E+0005    6.96492000000000E+0005
 9.44246000000000E+0005    6.96428000000000E+0005
 9.44182000000000E+0005    6.96362000000000E+0005
 9.44102000000000E+0005    6.96330000000000E+0005
 9.44019000000000E+0005    6.96355000000000E+0005
 9.43939000000000E+0005    6.96382000000000E+0005
 9.43900000000000E+0005    6.96393000000000E+0005
152,   0,         0, ┬эхЇэшщ ъюэҐґЁ эхЄҐхэюёэюёҐш,╧╟_2020,934325, 686025,2,TRUE,16711680,2,1, 6.99999988079071E-0001,2
 9.54265000000000E+0005    6.89924000000000E+0005
 9.54345000000000E+0005    6.89986000000000E+0005
 9.54414000000000E+0005    6.90039000000000E+0005
 9.54476000000000E+0005    6.90100000000000E+0005
 9.54527000000000E+0005    6.90172000000000E+0005
 9.54569000000000E+0005    6.90248000000000E+0005
 9.54607000000000E+0005    6.90327000000000E+0005
 9.54645000000000E+0005    6.90406000000000E+0005
 9.54682000000000E+0005    6.90485000000000E+0005
 9.54713000000000E+0005    6.90567000000000E+0005
 9.54738000000000E+0005    6.90651000000000E+0005
 9.54766000000000E+0005    6.90734000000000E+0005
 9.54789000000000E+0005    6.90818000000000E+0005
 9.54812000000000E+0005    6.90902000000000E+0005
 9.54841000000000E+0005    6.90985000000000E+0005
 9.54872000000000E+0005    6.91067000000000E+0005
 9.54892000000000E+0005    6.91152000000000E+0005
 9.54907000000000E+0005    6.91238000000000E+0005
 9.54919000000000E+0005    6.91325000000000E+0005
 9.54930000000000E+0005    6.91411000000000E+0005
 9.54939000000000E+0005    6.91498000000000E+0005
 9.54947000000000E+0005    6.91586000000000E+0005
 9.54956000000000E+0005    6.91673000000000E+0005
 9.54971000000000E+0005    6.91759000000000E+0005
 9.54988000000000E+0005    6.91845000000000E+0005
 9.55010000000000E+0005    6.91929000000000E+0005
 9.55045000000000E+0005    6.92009000000000E+0005
 9.55086000000000E+0005    6.92087000000000E+0005
 9.55132000000000E+0005    6.92161000000000E+0005
 9.55183000000000E+0005    6.92231000000000E+0005
 9.55245000000000E+0005    6.92292000000000E+0005
 9.55322000000000E+0005    6.92334000000000E+0005
 9.55400000000000E+0005    6.92373000000000E+0005
 9.55474000000000E+0005    6.92420000000000E+0005
 9.55549000000000E+0005    6.92464000000000E+0005
 9.55620000000000E+0005    6.92515000000000E+0005
 9.55680000000000E+0005    6.92579000000000E+0005
 9.55726000000000E+0005    6.92652000000000E+0005
 9.55750000000000E+0005    6.92736000000000E+0005
 9.55759000000000E+0005    6.92823000000000E+0005
 9.55783000000000E+0005    6.92907000000000E+0005
 9.55820000000000E+0005    6.92986000000000E+0005
 9.55856000000000E+0005    6.93066000000000E+0005
 9.55890000000000E+0005    6.93146000000000E+0005
 9.55939000000000E+0005    6.93219000000000E+0005
 9.56005000000000E+0005    6.93276000000000E+0005
 9.56078000000000E+0005    6.93323000000000E+0005
 9.56153000000000E+0005    6.93368000000000E+0005
 9.56227000000000E+0005    6.93414000000000E+0005
 9.56305000000000E+0005    6.93453000000000E+0005
 9.56391000000000E+0005    6.93466000000000E+0005
 9.56476000000000E+0005    6.93448000000000E+0005
 9.56561000000000E+0005    6.93424000000000E+0005
 9.56647000000000E+0005    6.93413000000000E+0005
 9.56735000000000E+0005    6.93409000000000E+0005
 9.56822000000000E+0005    6.93407000000000E+0005
 9.56907000000000E+0005    6.93421000000000E+0005
 9.56968000000000E+0005    6.93480000000000E+0005
 9.57001000000000E+0005    6.93561000000000E+0005
 9.57016000000000E+0005    6.93647000000000E+0005
 9.57029000000000E+0005    6.93733000000000E+0005
 9.57038000000000E+0005    6.93820000000000E+0005
 9.57039000000000E+0005    6.93908000000000E+0005
 9.57032000000000E+0005    6.93995000000000E+0005
 9.57024000000000E+0005    6.94082000000000E+0005
 9.57021000000000E+0005    6.94170000000000E+0005
 9.57014000000000E+0005    6.94257000000000E+0005
 9.56993000000000E+0005    6.94341000000000E+0005
 9.56952000000000E+0005    6.94418000000000E+0005
 9.56882000000000E+0005    6.94469000000000E+0005
 9.56804000000000E+0005    6.94506000000000E+0005
 9.56755000000000E+0005    6.94576000000000E+0005
 9.56729000000000E+0005    6.94660000000000E+0005
 9.56701000000000E+0005    6.94743000000000E+0005
 9.56672000000000E+0005    6.94825000000000E+0005
 9.56642000000000E+0005    6.94907000000000E+0005
 9.56604000000000E+0005    6.94986000000000E+0005
 9.56546000000000E+0005    6.95051000000000E+0005
 9.56483000000000E+0005    6.95112000000000E+0005
 9.56429000000000E+0005    6.95181000000000E+0005
 9.56394000000000E+0005    6.95260000000000E+0005
 9.56387000000000E+0005    6.95347000000000E+0005
 9.56393000000000E+0005    6.95434000000000E+0005
 9.56397000000000E+0005    6.95522000000000E+0005
 9.56397000000000E+0005    6.95609000000000E+0005
 9.56396000000000E+0005    6.95697000000000E+0005
 9.56389000000000E+0005    6.95784000000000E+0005
 9.56379000000000E+0005    6.95871000000000E+0005
 9.56376000000000E+0005    6.95958000000000E+0005
 9.56389000000000E+0005    6.96044000000000E+0005
 9.56422000000000E+0005    6.96125000000000E+0005
 9.56471000000000E+0005    6.96198000000000E+0005
 9.56520000000000E+0005    6.96270000000000E+0005
 9.56555000000000E+0005    6.96350000000000E+0005
 9.56569000000000E+0005    6.96436000000000E+0005
 9.56577000000000E+0005    6.96523000000000E+0005
 9.56583000000000E+0005    6.96610000000000E+0005
 9.56583000000000E+0005    6.96698000000000E+0005
 9.56583000000000E+0005    6.96785000000000E+0005
 9.56588000000000E+0005    6.96873000000000E+0005
 9.56594000000000E+0005    6.96960000000000E+0005
 9.56589000000000E+0005    6.97047000000000E+0005
 9.56581000000000E+0005    6.97134000000000E+0005
 9.56584000000000E+0005    6.97222000000000E+0005
 9.56600000000000E+0005    6.97308000000000E+0005
 9.56611000000000E+0005    6.97394000000000E+0005
 9.56604000000000E+0005    6.97482000000000E+0005
 9.56587000000000E+0005    6.97567000000000E+0005
 9.56570000000000E+0005    6.97653000000000E+0005
 9.56562000000000E+0005    6.97740000000000E+0005
 9.56550000000000E+0005    6.97827000000000E+0005
 9.56498000000000E+0005    6.97895000000000E+0005
 9.56415000000000E+0005    6.97912000000000E+0005
 9.56330000000000E+0005    6.97890000000000E+0005
 9.56248000000000E+0005    6.97859000000000E+0005
 9.56164000000000E+0005    6.97836000000000E+0005
 9.56077000000000E+0005    6.97828000000000E+0005
 9.55990000000000E+0005    6.97832000000000E+0005
 9.55902000000000E+0005    6.97839000000000E+0005
 9.55816000000000E+0005    6.97849000000000E+0005
 9.55732000000000E+0005    6.97873000000000E+0005
 9.55655000000000E+0005    6.97915000000000E+0005
 9.55593000000000E+0005    6.97976000000000E+0005
 9.55546000000000E+0005    6.98049000000000E+0005
 9.55505000000000E+0005    6.98127000000000E+0005
 9.55468000000000E+0005    6.98206000000000E+0005
 9.55424000000000E+0005    6.98281000000000E+0005
 9.55354000000000E+0005    6.98331000000000E+0005
 9.55268000000000E+0005    6.98342000000000E+0005
 9.55184000000000E+0005    6.98320000000000E+0005
 9.55105000000000E+0005    6.98282000000000E+0005
 9.55027000000000E+0005    6.98243000000000E+0005
 9.54945000000000E+0005    6.98212000000000E+0005
 9.54861000000000E+0005    6.98188000000000E+0005
 9.54776000000000E+0005    6.98167000000000E+0005
 9.54689000000000E+0005    6.98161000000000E+0005
 9.54602000000000E+0005    6.98166000000000E+0005
 9.54514000000000E+0005    6.98166000000000E+0005
 9.54427000000000E+0005    6.98175000000000E+0005
 9.54343000000000E+0005    6.98199000000000E+0005
 9.54266000000000E+0005    6.98240000000000E+0005
 9.54199000000000E+0005    6.98296000000000E+0005
 9.54146000000000E+0005    6.98365000000000E+0005
 9.54108000000000E+0005    6.98444000000000E+0005
 9.54077000000000E+0005    6.98526000000000E+0005
 9.54051000000000E+0005    6.98609000000000E+0005
 9.54031000000000E+0005    6.98694000000000E+0005
 9.54019000000000E+0005    6.98781000000000E+0005
 9.54015000000000E+0005    6.98868000000000E+0005
 9.54016000000000E+0005    6.98956000000000E+0005
 9.54018000000000E+0005    6.99043000000000E+0005
 9.54032000000000E+0005    6.99077000000000E+0005
145,   1,  -1, ┬эґҐЁхээшщ ъюэҐґЁ эхЄҐхэюёэюёҐш,юяч_2020,934325, 686025,1,TRUE,16711680,4,1, 2.00000002980232E-0001,1
 9.53979000000000E+0005    6.90079000000000E+0005
 9.54080000000000E+0005    6.90177000000000E+0005
 9.54149000000000E+0005    6.90232000000000E+0005
 9.54216000000000E+0005    6.90287000000000E+0005
 9.54275000000000E+0005    6.90352000000000E+0005
 9.54324000000000E+0005    6.90424000000000E+0005
 9.54367000000000E+0005    6.90500000000000E+0005
 9.54405000000000E+0005    6.90579000000000E+0005
 9.54435000000000E+0005    6.90662000000000E+0005
 9.54460000000000E+0005    6.90745000000000E+0005
 9.54482000000000E+0005    6.90830000000000E+0005
 9.54502000000000E+0005    6.90915000000000E+0005
 9.54525000000000E+0005    6.90999000000000E+0005
 9.54551000000000E+0005    6.91083000000000E+0005
 9.54575000000000E+0005    6.91167000000000E+0005
 9.54589000000000E+0005    6.91253000000000E+0005
 9.54589000000000E+0005    6.91341000000000E+0005
 9.54586000000000E+0005    6.91428000000000E+0005
 9.54587000000000E+0005    6.91516000000000E+0005
 9.54594000000000E+0005    6.91603000000000E+0005
 9.54607000000000E+0005    6.91689000000000E+0005
 9.54625000000000E+0005    6.91775000000000E+0005
 9.54649000000000E+0005    6.91859000000000E+0005
 9.54683000000000E+0005    6.91940000000000E+0005
 9.54720000000000E+0005    6.92018000000000E+0005
 9.54755000000000E+0005    6.92099000000000E+0005
 9.54792000000000E+0005    6.92178000000000E+0005
 9.54837000000000E+0005    6.92253000000000E+0005
 9.54888000000000E+0005    6.92324000000000E+0005
 9.54934000000000E+0005    6.92398000000000E+0005
 9.54974000000000E+0005    6.92476000000000E+0005
 9.55017000000000E+0005    6.92552000000000E+0005
 9.55066000000000E+0005    6.92624000000000E+0005
 9.55129000000000E+0005    6.92684000000000E+0005
 9.55205000000000E+0005    6.92727000000000E+0005
 9.55273000000000E+0005    6.92782000000000E+0005
 9.55330000000000E+0005    6.92848000000000E+0005
 9.55393000000000E+0005    6.92908000000000E+0005
 9.55461000000000E+0005    6.92963000000000E+0005
 9.55509000000000E+0005    6.93034000000000E+0005
 9.55523000000000E+0005    6.93120000000000E+0005
 9.55536000000000E+0005    6.93207000000000E+0005
 9.55569000000000E+0005    6.93287000000000E+0005
 9.55619000000000E+0005    6.93359000000000E+0005
 9.55675000000000E+0005    6.93426000000000E+0005
 9.55729000000000E+0005    6.93495000000000E+0005
 9.55765000000000E+0005    6.93574000000000E+0005
 9.55790000000000E+0005    6.93658000000000E+0005
 9.55835000000000E+0005    6.93732000000000E+0005
 9.55900000000000E+0005    6.93790000000000E+0005
 9.55976000000000E+0005    6.93833000000000E+0005
 9.56062000000000E+0005    6.93844000000000E+0005
 9.56147000000000E+0005    6.93825000000000E+0005
 9.56232000000000E+0005    6.93806000000000E+0005
 9.56319000000000E+0005    6.93800000000000E+0005
 9.56406000000000E+0005    6.93808000000000E+0005
 9.56488000000000E+0005    6.93837000000000E+0005
 9.56544000000000E+0005    6.93900000000000E+0005
 9.56543000000000E+0005    6.93987000000000E+0005
 9.56526000000000E+0005    6.94073000000000E+0005
 9.56514000000000E+0005    6.94160000000000E+0005
 9.56500000000000E+0005    6.94246000000000E+0005
 9.56475000000000E+0005    6.94330000000000E+0005
 9.56445000000000E+0005    6.94412000000000E+0005
 9.56419000000000E+0005    6.94496000000000E+0005
 9.56402000000000E+0005    6.94581000000000E+0005
 9.56382000000000E+0005    6.94666000000000E+0005
 9.56351000000000E+0005    6.94748000000000E+0005
 9.56316000000000E+0005    6.94828000000000E+0005
 9.56286000000000E+0005    6.94910000000000E+0005
 9.56258000000000E+0005    6.94993000000000E+0005
 9.56224000000000E+0005    6.95074000000000E+0005
 9.56187000000000E+0005    6.95153000000000E+0005
 9.56161000000000E+0005    6.95237000000000E+0005
 9.56156000000000E+0005    6.95324000000000E+0005
 9.56165000000000E+0005    6.95411000000000E+0005
 9.56165000000000E+0005    6.95498000000000E+0005
 9.56141000000000E+0005    6.95582000000000E+0005
 9.56102000000000E+0005    6.95660000000000E+0005
 9.56067000000000E+0005    6.95740000000000E+0005
 9.56043000000000E+0005    6.95824000000000E+0005
 9.56031000000000E+0005    6.95911000000000E+0005
 9.56034000000000E+0005    6.95998000000000E+0005
 9.56058000000000E+0005    6.96082000000000E+0005
 9.56095000000000E+0005    6.96161000000000E+0005
 9.56140000000000E+0005    6.96236000000000E+0005
 9.56196000000000E+0005    6.96303000000000E+0005
 9.56260000000000E+0005    6.96362000000000E+0005
 9.56307000000000E+0005    6.96435000000000E+0005
 9.56336000000000E+0005    6.96518000000000E+0005
 9.56368000000000E+0005    6.96599000000000E+0005
 9.56400000000000E+0005    6.96681000000000E+0005
 9.56423000000000E+0005    6.96765000000000E+0005
 9.56437000000000E+0005    6.96851000000000E+0005
 9.56445000000000E+0005    6.96939000000000E+0005
 9.56442000000000E+0005    6.97026000000000E+0005
 9.56434000000000E+0005    6.97113000000000E+0005
 9.56428000000000E+0005    6.97200000000000E+0005
 9.56431000000000E+0005    6.97288000000000E+0005
 9.56429000000000E+0005    6.97375000000000E+0005
 9.56404000000000E+0005    6.97459000000000E+0005
 9.56350000000000E+0005    6.97527000000000E+0005
 9.56278000000000E+0005    6.97576000000000E+0005
 9.56200000000000E+0005    6.97616000000000E+0005
 9.56122000000000E+0005    6.97656000000000E+0005
 9.56043000000000E+0005    6.97694000000000E+0005
 9.55961000000000E+0005    6.97722000000000E+0005
 9.55875000000000E+0005    6.97739000000000E+0005
 9.55788000000000E+0005    6.97752000000000E+0005
 9.55702000000000E+0005    6.97769000000000E+0005
 9.55619000000000E+0005    6.97795000000000E+0005
 9.55538000000000E+0005    6.97829000000000E+0005
 9.55457000000000E+0005    6.97860000000000E+0005
 9.55373000000000E+0005    6.97885000000000E+0005
 9.55288000000000E+0005    6.97908000000000E+0005
 9.55204000000000E+0005    6.97931000000000E+0005
 9.55117000000000E+0005    6.97938000000000E+0005
 9.55031000000000E+0005    6.97926000000000E+0005
 9.54945000000000E+0005    6.97908000000000E+0005
 9.54859000000000E+0005    6.97896000000000E+0005
 9.54771000000000E+0005    6.97893000000000E+0005
 9.54684000000000E+0005    6.97902000000000E+0005
 9.54598000000000E+0005    6.97916000000000E+0005
 9.54511000000000E+0005    6.97921000000000E+0005
 9.54423000000000E+0005    6.97923000000000E+0005
 9.54337000000000E+0005    6.97936000000000E+0005
 9.54254000000000E+0005    6.97965000000000E+0005
 9.54176000000000E+0005    6.98005000000000E+0005
 9.54104000000000E+0005    6.98053000000000E+0005
 9.54039000000000E+0005    6.98112000000000E+0005
 9.53985000000000E+0005    6.98180000000000E+0005
 9.53942000000000E+0005    6.98257000000000E+0005
 9.53910000000000E+0005    6.98338000000000E+0005
 9.53885000000000E+0005    6.98422000000000E+0005
 9.53862000000000E+0005    6.98506000000000E+0005
 9.53837000000000E+0005    6.98590000000000E+0005
 9.53811000000000E+0005    6.98674000000000E+0005
 9.53793000000000E+0005    6.98759000000000E+0005
 9.53784000000000E+0005    6.98846000000000E+0005
 9.53784000000000E+0005    6.98934000000000E+0005
 9.53786000000000E+0005    6.99021000000000E+0005
 9.53785000000000E+0005    6.99109000000000E+0005
 9.53780000000000E+0005    6.99196000000000E+0005
 9.53776000000000E+0005    6.99283000000000E+0005
 9.53793000000000E+0005    6.99351000000000E+0005
21,   1,  -1, ┬эґҐЁхээшщ ъюэҐґЁ эхЄҐхэюёэюёҐш,,934325, 686025,2,TRUE,16711680,4,1, 2.00000002980232E-0001,2
 9.49916000000000E+0005    6.97650000000000E+0005
 9.49817000000000E+0005    6.97637000000000E+0005
 9.49725000000000E+0005    6.97600000000000E+0005
 9.49641000000000E+0005    6.97545000000000E+0005
 9.49569000000000E+0005    6.97476000000000E+0005
 9.49509000000000E+0005    6.97396000000000E+0005
 9.49466000000000E+0005    6.97306000000000E+0005
 9.49453000000000E+0005    6.97208000000000E+0005
 9.49489000000000E+0005    6.97117000000000E+0005
 9.49565000000000E+0005    6.97053000000000E+0005
 9.49661000000000E+0005    6.97029000000000E+0005
 9.49759000000000E+0005    6.97047000000000E+0005
 9.49846000000000E+0005    6.97095000000000E+0005
 9.49922000000000E+0005    6.97160000000000E+0005
 9.49988000000000E+0005    6.97235000000000E+0005
 9.50038000000000E+0005    6.97321000000000E+0005
 9.50064000000000E+0005    6.97417000000000E+0005
 9.50055000000000E+0005    6.97516000000000E+0005
 9.50010000000000E+0005    6.97604000000000E+0005
 9.49930000000000E+0005    6.97647000000000E+0005
 9.49916000000000E+0005    6.97650000000000E+0005
287,   1,  -1, ┬эґҐЁхээшщ ъюэҐґЁ эхЄҐхэюёэюёҐш,,934325, 686025,3,TRUE,16711680,4,1, 2.00000002980232E-0001,3
 9.51846000000000E+0005    6.99696000000000E+0005
 9.51698000000000E+0005    6.99712000000000E+0005
 9.51603000000000E+0005    6.99744000000000E+0005
 9.51506000000000E+0005    6.99768000000000E+0005
 9.51412000000000E+0005    6.99800000000000E+0005
 9.51322000000000E+0005    6.99844000000000E+0005
 9.51246000000000E+0005    6.99909000000000E+0005
 9.51182000000000E+0005    6.99985000000000E+0005
 9.51151000000000E+0005    7.00079000000000E+0005
 9.51137000000000E+0005    7.00178000000000E+0005
 9.51110000000000E+0005    7.00274000000000E+0005
 9.51050000000000E+0005    7.00352000000000E+0005
 9.50955000000000E+0005    7.00380000000000E+0005
 9.50858000000000E+0005    7.00360000000000E+0005
 9.50782000000000E+0005    7.00296000000000E+0005
 9.50733000000000E+0005    7.00210000000000E+0005
 9.50704000000000E+0005    7.00114000000000E+0005
 9.50686000000000E+0005    7.00016000000000E+0005
 9.50667000000000E+0005    6.99918000000000E+0005
 9.50639000000000E+0005    6.99822000000000E+0005
 9.50597000000000E+0005    6.99731000000000E+0005
 9.50540000000000E+0005    6.99649000000000E+0005
 9.50470000000000E+0005    6.99578000000000E+0005
 9.50390000000000E+0005    6.99518000000000E+0005
 9.50310000000000E+0005    6.99458000000000E+0005
 9.50231000000000E+0005    6.99396000000000E+0005
 9.50155000000000E+0005    6.99332000000000E+0005
 9.50076000000000E+0005    6.99270000000000E+0005
 9.49992000000000E+0005    6.99217000000000E+0005
 9.49899000000000E+0005    6.99180000000000E+0005
 9.49804000000000E+0005    6.99150000000000E+0005
 9.49714000000000E+0005    6.99105000000000E+0005
 9.49660000000000E+0005    6.99024000000000E+0005
 9.49663000000000E+0005    6.98925000000000E+0005
 9.49665000000000E+0005    6.98826000000000E+0005
 9.49646000000000E+0005    6.98728000000000E+0005
 9.49644000000000E+0005    6.98629000000000E+0005
 9.49668000000000E+0005    6.98532000000000E+0005
 9.49708000000000E+0005    6.98441000000000E+0005
 9.49781000000000E+0005    6.98375000000000E+0005
 9.49877000000000E+0005    6.98352000000000E+0005
 9.49974000000000E+0005    6.98368000000000E+0005
 9.50059000000000E+0005    6.98420000000000E+0005
 9.50131000000000E+0005    6.98490000000000E+0005
 9.50213000000000E+0005    6.98545000000000E+0005
 9.50309000000000E+0005    6.98572000000000E+0005
 9.50408000000000E+0005    6.98588000000000E+0005
 9.50507000000000E+0005    6.98589000000000E+0005
 9.50603000000000E+0005    6.98562000000000E+0005
 9.50695000000000E+0005    6.98522000000000E+0005
 9.50779000000000E+0005    6.98468000000000E+0005
 9.50854000000000E+0005    6.98402000000000E+0005
 9.50920000000000E+0005    6.98327000000000E+0005
 9.50973000000000E+0005    6.98242000000000E+0005
 9.51018000000000E+0005    6.98153000000000E+0005
 9.51077000000000E+0005    6.98073000000000E+0005
 9.51154000000000E+0005    6.98010000000000E+0005
 9.51230000000000E+0005    6.97945000000000E+0005
 9.51297000000000E+0005    6.97871000000000E+0005
 9.51351000000000E+0005    6.97787000000000E+0005
 9.51373000000000E+0005    6.97691000000000E+0005
 9.51361000000000E+0005    6.97592000000000E+0005
 9.51336000000000E+0005    6.97495000000000E+0005
 9.51303000000000E+0005    6.97400000000000E+0005
 9.51264000000000E+0005    6.97308000000000E+0005
 9.51221000000000E+0005    6.97218000000000E+0005
 9.51168000000000E+0005    6.97134000000000E+0005
 9.51099000000000E+0005    6.97062000000000E+0005
 9.51011000000000E+0005    6.97015000000000E+0005
 9.50923000000000E+0005    6.96969000000000E+0005
 9.50859000000000E+0005    6.96894000000000E+0005
 9.50833000000000E+0005    6.96798000000000E+0005
 9.50831000000000E+0005    6.96698000000000E+0005
 9.50849000000000E+0005    6.96601000000000E+0005
 9.50919000000000E+0005    6.96530000000000E+0005
 9.50994000000000E+0005    6.96464000000000E+0005
 9.51060000000000E+0005    6.96389000000000E+0005
 9.51117000000000E+0005    6.96307000000000E+0005
 9.51170000000000E+0005    6.96222000000000E+0005
 9.51223000000000E+0005    6.96137000000000E+0005
 9.51275000000000E+0005    6.96052000000000E+0005
 9.51323000000000E+0005    6.95965000000000E+0005
 9.51368000000000E+0005    6.95875000000000E+0005
 9.51410000000000E+0005    6.95784000000000E+0005
 9.51447000000000E+0005    6.95692000000000E+0005
 9.51462000000000E+0005    6.95593000000000E+0005
 9.51442000000000E+0005    6.95496000000000E+0005
 9.51407000000000E+0005    6.95402000000000E+0005
 9.51345000000000E+0005    6.95324000000000E+0005
 9.51261000000000E+0005    6.95273000000000E+0005
 9.51163000000000E+0005    6.95255000000000E+0005
 9.51063000000000E+0005    6.95262000000000E+0005
 9.50964000000000E+0005    6.95269000000000E+0005
 9.50865000000000E+0005    6.95255000000000E+0005
 9.50777000000000E+0005    6.95209000000000E+0005
 9.50700000000000E+0005    6.95146000000000E+0005
 9.50626000000000E+0005    6.95082000000000E+0005
 9.50538000000000E+0005    6.95035000000000E+0005
 9.50441000000000E+0005    6.95013000000000E+0005
 9.50342000000000E+0005    6.95002000000000E+0005
 9.50246000000000E+0005    6.95029000000000E+0005
 9.50158000000000E+0005    6.95074000000000E+0005
 9.50076000000000E+0005    6.95126000000000E+0005
 9.49980000000000E+0005    6.95114000000000E+0005
 9.49907000000000E+0005    6.95048000000000E+0005
 9.49911000000000E+0005    6.94954000000000E+0005
 9.49969000000000E+0005    6.94874000000000E+0005
 9.50023000000000E+0005    6.94790000000000E+0005
 9.50019000000000E+0005    6.94692000000000E+0005
 9.49982000000000E+0005    6.94599000000000E+0005
 9.49969000000000E+0005    6.94501000000000E+0005
 9.49987000000000E+0005    6.94403000000000E+0005
 9.50013000000000E+0005    6.94306000000000E+0005
 9.50046000000000E+0005    6.94212000000000E+0005
 9.50081000000000E+0005    6.94118000000000E+0005
 9.50104000000000E+0005    6.94021000000000E+0005
 9.50107000000000E+0005    6.93921000000000E+0005
 9.50097000000000E+0005    6.93822000000000E+0005
 9.50084000000000E+0005    6.93723000000000E+0005
 9.50069000000000E+0005    6.93624000000000E+0005
 9.50071000000000E+0005    6.93530000000000E+0005
 9.50101000000000E+0005    6.93436000000000E+0005
 9.50163000000000E+0005    6.93358000000000E+0005
 9.50225000000000E+0005    6.93281000000000E+0005
 9.50252000000000E+0005    6.93185000000000E+0005
 9.50291000000000E+0005    6.93093000000000E+0005
 9.50306000000000E+0005    6.92994000000000E+0005
 9.50319000000000E+0005    6.92895000000000E+0005
 9.50318000000000E+0005    6.92796000000000E+0005
 9.50282000000000E+0005    6.92703000000000E+0005
 9.50222000000000E+0005    6.92626000000000E+0005
 9.50134000000000E+0005    6.92578000000000E+0005
 9.50053000000000E+0005    6.92521000000000E+0005
 9.49974000000000E+0005    6.92459000000000E+0005
 9.49903000000000E+0005    6.92389000000000E+0005
 9.49839000000000E+0005    6.92314000000000E+0005
 9.49776000000000E+0005    6.92236000000000E+0005
 9.49696000000000E+0005    6.92179000000000E+0005
 9.49597000000000E+0005    6.92172000000000E+0005
 9.49499000000000E+0005    6.92188000000000E+0005
 9.49406000000000E+0005    6.92224000000000E+0005
 9.49310000000000E+0005    6.92254000000000E+0005
 9.49219000000000E+0005    6.92292000000000E+0005
 9.49130000000000E+0005    6.92338000000000E+0005
 9.49038000000000E+0005    6.92376000000000E+0005
 9.48946000000000E+0005    6.92409000000000E+0005
 9.48854000000000E+0005    6.92387000000000E+0005
 9.48814000000000E+0005    6.92295000000000E+0005
 9.48790000000000E+0005    6.92198000000000E+0005
 9.48750000000000E+0005    6.92107000000000E+0005
 9.48688000000000E+0005    6.92030000000000E+0005
 9.48606000000000E+0005    6.91972000000000E+0005
 9.48513000000000E+0005    6.91940000000000E+0005
 9.48413000000000E+0005    6.91932000000000E+0005
 9.48313000000000E+0005    6.91940000000000E+0005
 9.48216000000000E+0005    6.91962000000000E+0005
 9.48122000000000E+0005    6.91994000000000E+0005
 9.48033000000000E+0005    6.92041000000000E+0005
 9.47951000000000E+0005    6.92098000000000E+0005
 9.47873000000000E+0005    6.92160000000000E+0005
 9.47800000000000E+0005    6.92228000000000E+0005
 9.47728000000000E+0005    6.92298000000000E+0005
 9.47643000000000E+0005    6.92350000000000E+0005
 9.47545000000000E+0005    6.92361000000000E+0005
 9.47446000000000E+0005    6.92346000000000E+0005
 9.47346000000000E+0005    6.92346000000000E+0005
 9.47254000000000E+0005    6.92382000000000E+0005
 9.47174000000000E+0005    6.92442000000000E+0005
 9.47117000000000E+0005    6.92523000000000E+0005
 9.47099000000000E+0005    6.92620000000000E+0005
 9.47103000000000E+0005    6.92720000000000E+0005
 9.47104000000000E+0005    6.92820000000000E+0005
 9.47108000000000E+0005    6.92920000000000E+0005
 9.47132000000000E+0005    6.93017000000000E+0005
 9.47176000000000E+0005    6.93106000000000E+0005
 9.47221000000000E+0005    6.93196000000000E+0005
 9.47250000000000E+0005    6.93291000000000E+0005
 9.47273000000000E+0005    6.93388000000000E+0005
 9.47295000000000E+0005    6.93485000000000E+0005
 9.47311000000000E+0005    6.93584000000000E+0005
 9.47316000000000E+0005    6.93684000000000E+0005
 9.47329000000000E+0005    6.93783000000000E+0005
 9.47365000000000E+0005    6.93876000000000E+0005
 9.47415000000000E+0005    6.93963000000000E+0005
 9.47459000000000E+0005    6.94052000000000E+0005
 9.47488000000000E+0005    6.94139000000000E+0005
 9.47515000000000E+0005    6.94231000000000E+0005
 9.47552000000000E+0005    6.94324000000000E+0005
 9.47593000000000E+0005    6.94415000000000E+0005
 9.47603000000000E+0005    6.94513000000000E+0005
 9.47562000000000E+0005    6.94604000000000E+0005
 9.47520000000000E+0005    6.94694000000000E+0005
 9.47512000000000E+0005    6.94793000000000E+0005
 9.47528000000000E+0005    6.94891000000000E+0005
 9.47529000000000E+0005    6.94990000000000E+0005
 9.47481000000000E+0005    6.95076000000000E+0005
 9.47393000000000E+0005    6.95114000000000E+0005
 9.47298000000000E+0005    6.95084000000000E+0005
 9.47209000000000E+0005    6.95040000000000E+0005
 9.47126000000000E+0005    6.94985000000000E+0005
 9.47047000000000E+0005    6.94923000000000E+0005
 9.46965000000000E+0005    6.94867000000000E+0005
 9.46870000000000E+0005    6.94845000000000E+0005
 9.46778000000000E+0005    6.94880000000000E+0005
 9.46703000000000E+0005    6.94946000000000E+0005
 9.46643000000000E+0005    6.95026000000000E+0005
 9.46594000000000E+0005    6.95113000000000E+0005
 9.46601000000000E+0005    6.95209000000000E+0005
 9.46684000000000E+0005    6.95265000000000E+0005
 9.46762000000000E+0005    6.95325000000000E+0005
 9.46795000000000E+0005    6.95418000000000E+0005
 9.46820000000000E+0005    6.95515000000000E+0005
 9.46867000000000E+0005    6.95603000000000E+0005
 9.46930000000000E+0005    6.95680000000000E+0005
 9.47004000000000E+0005    6.95747000000000E+0005
 9.47093000000000E+0005    6.95791000000000E+0005
 9.47192000000000E+0005    6.95795000000000E+0005
 9.47291000000000E+0005    6.95801000000000E+0005
 9.47359000000000E+0005    6.95866000000000E+0005
 9.47316000000000E+0005    6.95950000000000E+0005
 9.47227000000000E+0005    6.95995000000000E+0005
 9.47136000000000E+0005    6.96034000000000E+0005
 9.47041000000000E+0005    6.96065000000000E+0005
 9.46944000000000E+0005    6.96091000000000E+0005
 9.46852000000000E+0005    6.96130000000000E+0005
 9.46765000000000E+0005    6.96178000000000E+0005
 9.46678000000000E+0005    6.96227000000000E+0005
 9.46588000000000E+0005    6.96272000000000E+0005
 9.46504000000000E+0005    6.96325000000000E+0005
 9.46438000000000E+0005    6.96390000000000E+0005
 9.46375000000000E+0005    6.96468000000000E+0005
 9.46310000000000E+0005    6.96545000000000E+0005
 9.46232000000000E+0005    6.96606000000000E+0005
 9.46157000000000E+0005    6.96652000000000E+0005
 9.46062000000000E+0005    6.96684000000000E+0005
 9.45969000000000E+0005    6.96720000000000E+0005
 9.45879000000000E+0005    6.96764000000000E+0005
 9.45794000000000E+0005    6.96817000000000E+0005
 9.45717000000000E+0005    6.96880000000000E+0005
 9.45654000000000E+0005    6.96957000000000E+0005
 9.45612000000000E+0005    6.97047000000000E+0005
 9.45585000000000E+0005    6.97144000000000E+0005
 9.45557000000000E+0005    6.97240000000000E+0005
 9.45512000000000E+0005    6.97329000000000E+0005
 9.45448000000000E+0005    6.97392000000000E+0005
 9.45354000000000E+0005    6.97400000000000E+0005
 9.45265000000000E+0005    6.97355000000000E+0005
 9.45183000000000E+0005    6.97298000000000E+0005
 9.45106000000000E+0005    6.97234000000000E+0005
 9.45006000000000E+0005    6.97140000000000E+0005
 9.44939000000000E+0005    6.97066000000000E+0005
 9.44878000000000E+0005    6.96987000000000E+0005
 9.44823000000000E+0005    6.96903000000000E+0005
 9.44776000000000E+0005    6.96815000000000E+0005
 9.44732000000000E+0005    6.96725000000000E+0005
 9.44690000000000E+0005    6.96634000000000E+0005
 9.44652000000000E+0005    6.96542000000000E+0005
 9.44616000000000E+0005    6.96449000000000E+0005
 9.44585000000000E+0005    6.96354000000000E+0005
 9.44558000000000E+0005    6.96257000000000E+0005
 9.44538000000000E+0005    6.96159000000000E+0005
 9.44530000000000E+0005    6.96060000000000E+0005
 9.44529000000000E+0005    6.95960000000000E+0005
 9.44531000000000E+0005    6.95860000000000E+0005
 9.44530000000000E+0005    6.95760000000000E+0005
 9.44522000000000E+0005    6.95660000000000E+0005
 9.44505000000000E+0005    6.95571000000000E+0005
 9.44474000000000E+0005    6.95479000000000E+0005
 9.44430000000000E+0005    6.95390000000000E+0005
 9.44379000000000E+0005    6.95304000000000E+0005
 9.44318000000000E+0005    6.95225000000000E+0005
 9.44245000000000E+0005    6.95157000000000E+0005
 9.44156000000000E+0005    6.95116000000000E+0005
 9.44058000000000E+0005    6.95131000000000E+0005
 9.43969000000000E+0005    6.95176000000000E+0005
 9.43897000000000E+0005    6.95244000000000E+0005
 9.43851000000000E+0005    6.95332000000000E+0005
 9.43846000000000E+0005    6.95431000000000E+0005
 9.43874000000000E+0005    6.95528000000000E+0005
 9.43909000000000E+0005    6.95622000000000E+0005
 9.43939000000000E+0005    6.95713000000000E+0005
 9.43963000000000E+0005    6.95800000000000E+0005
 9.43970000000000E+0005    6.95899000000000E+0005
 9.43956000000000E+0005    6.95973000000000E+0005
 9.43916000000000E+0005    6.96064000000000E+0005
 9.43861000000000E+0005    6.96147000000000E+0005
 9.43794000000000E+0005    6.96212000000000E+0005
26,   4,  -1, ╦шэш  т√ъышэштрэш ,╘рІ.чрьхїхэшх,934325, 686025,1,FALSE,4210816,3,1, 5.00000000000000E-0001,1
 9.51590000000000E+0005    6.99796000000000E+0005
 9.51610000000000E+0005    6.99713000000000E+0005
 9.51633000000000E+0005    6.99617000000000E+0005
 9.51633000000000E+0005    6.99617000000000E+0005
 9.51633000000000E+0005    6.99617000000000E+0005
 9.51633000000000E+0005    6.99617000000000E+0005
 9.52021000000000E+0005    6.98820000000000E+0005
 9.52184000000000E+0005    6.98397000000000E+0005
 9.52296000000000E+0005    6.97758000000000E+0005
 9.52352000000000E+0005    6.97222000000000E+0005
 9.52334000000000E+0005    6.96850000000000E+0005
 9.52249000000000E+0005    6.96559000000000E+0005
 9.52152000000000E+0005    6.96351000000000E+0005
 9.51917000000000E+0005    6.96023000000000E+0005
 9.51794000000000E+0005    6.95867000000000E+0005
 9.51662000000000E+0005    6.95688000000000E+0005
 9.51427000000000E+0005    6.95321000000000E+0005
 9.51209000000000E+0005    6.94923000000000E+0005
 9.50940000000000E+0005    6.94306000000000E+0005
 9.50767000000000E+0005    6.93794000000000E+0005
 9.50618000000000E+0005    6.93254000000000E+0005
 9.50421000000000E+0005    6.92529000000000E+0005
 9.50228000000000E+0005    6.91882000000000E+0005
 9.50138000000000E+0005    6.91624000000000E+0005
 9.50013000000000E+0005    6.91319000000000E+0005
 9.49910000000000E+0005    6.91105000000000E+0005
63,   6,  -1, ╦шэш  чрьхїхэш ,╧╟_2020,934325, 686025,1,TRUE,0,3,1, 5.00000000000000E-0001,1
 9.40895000000000E+0005    6.84702000000000E+0005
 9.39676000000000E+0005    6.86652000000000E+0005
 9.39619000000000E+0005    6.86794000000000E+0005
 9.39563000000000E+0005    6.86936000000000E+0005
 9.39508000000000E+0005    6.87079000000000E+0005
 9.39456000000000E+0005    6.87223000000000E+0005
 9.39404000000000E+0005    6.87367000000000E+0005
 9.39354000000000E+0005    6.87512000000000E+0005
 9.39306000000000E+0005    6.87657000000000E+0005
 9.39260000000000E+0005    6.87803000000000E+0005
 9.39216000000000E+0005    6.87950000000000E+0005
 9.39174000000000E+0005    6.88097000000000E+0005
 9.39134000000000E+0005    6.88245000000000E+0005
 9.39095000000000E+0005    6.88393000000000E+0005
 9.39057000000000E+0005    6.88542000000000E+0005
 9.39020000000000E+0005    6.88690000000000E+0005
 9.38984000000000E+0005    6.88839000000000E+0005
 9.38950000000000E+0005    6.88988000000000E+0005
 9.38916000000000E+0005    6.89138000000000E+0005
 9.38892000000000E+0005    6.89289000000000E+0005
 9.38870000000000E+0005    6.89441000000000E+0005
 9.38853000000000E+0005    6.89593000000000E+0005
 9.38839000000000E+0005    6.89745000000000E+0005
 9.38828000000000E+0005    6.89898000000000E+0005
 9.38820000000000E+0005    6.90051000000000E+0005
 9.38816000000000E+0005    6.90204000000000E+0005
 9.38814000000000E+0005    6.90357000000000E+0005
 9.38812000000000E+0005    6.90510000000000E+0005
 9.38808000000000E+0005    6.90663000000000E+0005
 9.38803000000000E+0005    6.90816000000000E+0005
 9.38797000000000E+0005    6.90970000000000E+0005
 9.38789000000000E+0005    6.91122000000000E+0005
 9.38781000000000E+0005    6.91275000000000E+0005
 9.38779000000000E+0005    6.91428000000000E+0005
 9.38786000000000E+0005    6.91581000000000E+0005
 9.38820000000000E+0005    6.91856000000000E+0005
 9.38847000000000E+0005    6.92011000000000E+0005
 9.38886000000000E+0005    6.92162000000000E+0005
 9.38938000000000E+0005    6.92307000000000E+0005
 9.38990000000000E+0005    6.92452000000000E+0005
 9.39057000000000E+0005    6.92589000000000E+0005
 9.39124000000000E+0005    6.92726000000000E+0005
 9.39205000000000E+0005    6.92854000000000E+0005
 9.39286000000000E+0005    6.92982000000000E+0005
 9.39376000000000E+0005    6.93104000000000E+0005
 9.39474000000000E+0005    6.93217000000000E+0005
 9.39572000000000E+0005    6.93331000000000E+0005
 9.39639000000000E+0005    6.93396000000000E+0005
 9.39705000000000E+0005    6.93461000000000E+0005
 9.39772000000000E+0005    6.93526000000000E+0005
 9.39838000000000E+0005    6.93591000000000E+0005
 9.39904000000000E+0005    6.93656000000000E+0005
 9.39971000000000E+0005    6.93721000000000E+0005
 9.40037000000000E+0005    6.93786000000000E+0005
 9.40104000000000E+0005    6.93852000000000E+0005
 9.40170000000000E+0005    6.93917000000000E+0005
 9.40237000000000E+0005    6.93982000000000E+0005
 9.40348000000000E+0005    6.94108000000000E+0005
 9.40459000000000E+0005    6.94234000000000E+0005
 9.40563000000000E+0005    6.94379000000000E+0005
 9.40668000000000E+0005    6.94525000000000E+0005
 9.40717000000000E+0005    6.94607000000000E+0005
 9.40766000000000E+0005    6.94688000000000E+0005
120,   6,  -1, ╦шэш  чрьхїхэш ,,934325, 686025,2,TRUE,0,3,1, 5.00000000000000E-0001,2
 9.54239000000000E+0005    6.98842000000000E+0005
 9.54156000000000E+0005    6.98906000000000E+0005
 9.54081000000000E+0005    6.98980000000000E+0005
 9.54009000000000E+0005    6.99057000000000E+0005
 9.53940000000000E+0005    6.99136000000000E+0005
 9.53875000000000E+0005    6.99219000000000E+0005
 9.53813000000000E+0005    6.99303000000000E+0005
 9.53750000000000E+0005    6.99388000000000E+0005
 9.53687000000000E+0005    6.99472000000000E+0005
 9.53624000000000E+0005    6.99556000000000E+0005
 9.53558000000000E+0005    6.99638000000000E+0005
 9.53488000000000E+0005    6.99716000000000E+0005
 9.53399000000000E+0005    6.99772000000000E+0005
 9.53303000000000E+0005    6.99814000000000E+0005
 9.53205000000000E+0005    6.99854000000000E+0005
 9.53105000000000E+0005    6.99886000000000E+0005
 9.53004000000000E+0005    6.99913000000000E+0005
 9.52900000000000E+0005    6.99926000000000E+0005
 9.52794000000000E+0005    6.99927000000000E+0005
 9.52691000000000E+0005    6.99908000000000E+0005
 9.52590000000000E+0005    6.99879000000000E+0005
 9.52493000000000E+0005    6.99839000000000E+0005
 9.52397000000000E+0005    6.99795000000000E+0005
 9.52302000000000E+0005    6.99751000000000E+0005
 9.52205000000000E+0005    6.99710000000000E+0005
 9.52104000000000E+0005    6.99679000000000E+0005
 9.52001000000000E+0005    6.99662000000000E+0005
 9.51896000000000E+0005    6.99665000000000E+0005
 9.51794000000000E+0005    6.99688000000000E+0005
 9.51698000000000E+0005    6.99732000000000E+0005
 9.51613000000000E+0005    6.99793000000000E+0005
 9.51544000000000E+0005    6.99872000000000E+0005
 9.51492000000000E+0005    6.99963000000000E+0005
 9.51458000000000E+0005    7.00062000000000E+0005
 9.51440000000000E+0005    7.00166000000000E+0005
 9.51429000000000E+0005    7.00271000000000E+0005
 9.51428000000000E+0005    7.00376000000000E+0005
 9.51436000000000E+0005    7.00481000000000E+0005
 9.51445000000000E+0005    7.00585000000000E+0005
 9.51457000000000E+0005    7.00690000000000E+0005
 9.51473000000000E+0005    7.00794000000000E+0005
 9.51494000000000E+0005    7.00897000000000E+0005
 9.51522000000000E+0005    7.00998000000000E+0005
 9.51560000000000E+0005    7.01096000000000E+0005
 9.51607000000000E+0005    7.01190000000000E+0005
 9.51666000000000E+0005    7.01277000000000E+0005
 9.51732000000000E+0005    7.01359000000000E+0005
 9.51805000000000E+0005    7.01435000000000E+0005
 9.51883000000000E+0005    7.01505000000000E+0005
 9.51964000000000E+0005    7.01573000000000E+0005
 9.52047000000000E+0005    7.01637000000000E+0005
 9.52131000000000E+0005    7.01700000000000E+0005
 9.52217000000000E+0005    7.01760000000000E+0005
 9.52305000000000E+0005    7.01819000000000E+0005
 9.52394000000000E+0005    7.01875000000000E+0005
 9.52483000000000E+0005    7.01930000000000E+0005
 9.52574000000000E+0005    7.01983000000000E+0005
 9.52668000000000E+0005    7.02031000000000E+0005
 9.52764000000000E+0005    7.02074000000000E+0005
 9.52863000000000E+0005    7.02108000000000E+0005
 9.52965000000000E+0005    7.02134000000000E+0005
 9.53068000000000E+0005    7.02154000000000E+0005
 9.53172000000000E+0005    7.02171000000000E+0005
 9.53276000000000E+0005    7.02185000000000E+0005
 9.53381000000000E+0005    7.02191000000000E+0005
 9.53485000000000E+0005    7.02174000000000E+0005
 9.53589000000000E+0005    7.02158000000000E+0005
 9.53693000000000E+0005    7.02142000000000E+0005
 9.53795000000000E+0005    7.02119000000000E+0005
 9.53897000000000E+0005    7.02094000000000E+0005
 9.54000000000000E+0005    7.02070000000000E+0005
 9.54101000000000E+0005    7.02043000000000E+0005
 9.54202000000000E+0005    7.02013000000000E+0005
 9.54302000000000E+0005    7.01981000000000E+0005
 9.54402000000000E+0005    7.01946000000000E+0005
 9.54500000000000E+0005    7.01910000000000E+0005
 9.54598000000000E+0005    7.01872000000000E+0005
 9.54694000000000E+0005    7.01829000000000E+0005
 9.54789000000000E+0005    7.01782000000000E+0005
 9.54880000000000E+0005    7.01730000000000E+0005
 9.54971000000000E+0005    7.01677000000000E+0005
 9.55061000000000E+0005    7.01623000000000E+0005
 9.55144000000000E+0005    7.01559000000000E+0005
 9.55225000000000E+0005    7.01492000000000E+0005
 9.55303000000000E+0005    7.01421000000000E+0005
 9.55378000000000E+0005    7.01347000000000E+0005
 9.55448000000000E+0005    7.01268000000000E+0005
 9.55507000000000E+0005    7.01182000000000E+0005
 9.55564000000000E+0005    7.01093000000000E+0005
 9.55616000000000E+0005    7.01002000000000E+0005
 9.55661000000000E+0005    7.00907000000000E+0005
 9.55699000000000E+0005    7.00809000000000E+0005
 9.55730000000000E+0005    7.00708000000000E+0005
 9.55758000000000E+0005    7.00607000000000E+0005
 9.55779000000000E+0005    7.00504000000000E+0005
 9.55790000000000E+0005    7.00399000000000E+0005
 9.55797000000000E+0005    7.00294000000000E+0005
 9.55799000000000E+0005    7.00189000000000E+0005
 9.55797000000000E+0005    7.00084000000000E+0005
 9.55786000000000E+0005    6.99980000000000E+0005
 9.55765000000000E+0005    6.99876000000000E+0005
 9.55741000000000E+0005    6.99774000000000E+0005
 9.55713000000000E+0005    6.99673000000000E+0005
 9.55679000000000E+0005    6.99573000000000E+0005
 9.55612000000000E+0005    6.99443000000000E+0005
 9.55561000000000E+0005    6.99352000000000E+0005
 9.55505000000000E+0005    6.99263000000000E+0005
 9.55439000000000E+0005    6.99180000000000E+0005
 9.55371000000000E+0005    6.99100000000000E+0005
 9.55296000000000E+0005    6.99026000000000E+0005
 9.55215000000000E+0005    6.98959000000000E+0005
 9.55129000000000E+0005    6.98899000000000E+0005
 9.55037000000000E+0005    6.98849000000000E+0005
 9.54942000000000E+0005    6.98803000000000E+0005
 9.54843000000000E+0005    6.98768000000000E+0005
 9.54741000000000E+0005    6.98743000000000E+0005
 9.54636000000000E+0005    6.98731000000000E+0005
 9.54531000000000E+0005    6.98732000000000E+0005
 9.54428000000000E+0005    6.98752000000000E+0005
 9.54330000000000E+0005    6.98790000000000E+0005
160,   6,  -1, ╦шэш  чрьхїхэш ,,934325, 686025,3,TRUE,0,3,1, 5.00000000000000E-0001,3
 9.41655000000000E+0005    6.99971000000000E+0005
 9.41737000000000E+0005    7.00113000000000E+0005
 9.41788000000000E+0005    7.00194000000000E+0005
 9.41842000000000E+0005    7.00269000000000E+0005
 9.41897000000000E+0005    7.00343000000000E+0005
 9.42010000000000E+0005    7.00476000000000E+0005
 9.42126000000000E+0005    7.00596000000000E+0005
 9.42242000000000E+0005    7.00702000000000E+0005
 9.42318000000000E+0005    7.00759000000000E+0005
 9.42394000000000E+0005    7.00817000000000E+0005
 9.42469000000000E+0005    7.00875000000000E+0005
 9.42612000000000E+0005    7.00958000000000E+0005
 9.42784000000000E+0005    7.01047000000000E+0005
 9.42914000000000E+0005    7.01091000000000E+0005
 9.43071000000000E+0005    7.01134000000000E+0005
 9.43247000000000E+0005    7.01153000000000E+0005
 9.43412000000000E+0005    7.01149000000000E+0005
 9.43567000000000E+0005    7.01120000000000E+0005
 9.43712000000000E+0005    7.01063000000000E+0005
 9.43850000000000E+0005    7.00971000000000E+0005
 9.43915000000000E+0005    7.00906000000000E+0005
 9.43980000000000E+0005    7.00840000000000E+0005
 9.44063000000000E+0005    7.00722000000000E+0005
 9.44143000000000E+0005    7.00589000000000E+0005
 9.44222000000000E+0005    7.00442000000000E+0005
 9.44258000000000E+0005    7.00356000000000E+0005
 9.44295000000000E+0005    7.00270000000000E+0005
 9.44331000000000E+0005    7.00185000000000E+0005
 9.44381000000000E+0005    7.00042000000000E+0005
 9.44431000000000E+0005    6.99899000000000E+0005
 9.44476000000000E+0005    6.99747000000000E+0005
 9.44518000000000E+0005    6.99592000000000E+0005
 9.44558000000000E+0005    6.99433000000000E+0005
 9.44593000000000E+0005    6.99271000000000E+0005
 9.44625000000000E+0005    6.99109000000000E+0005
 9.44652000000000E+0005    6.98947000000000E+0005
 9.44678000000000E+0005    6.98785000000000E+0005
 9.44698000000000E+0005    6.98628000000000E+0005
 9.44717000000000E+0005    6.98470000000000E+0005
 9.44725000000000E+0005    6.98370000000000E+0005
 9.44733000000000E+0005    6.98271000000000E+0005
 9.44741000000000E+0005    6.98172000000000E+0005
 9.44744000000000E+0005    6.98081000000000E+0005
 9.44748000000000E+0005    6.97991000000000E+0005
 9.44751000000000E+0005    6.97900000000000E+0005
 9.44750000000000E+0005    6.97777000000000E+0005
 9.44745000000000E+0005    6.97661000000000E+0005
 9.44734000000000E+0005    6.97551000000000E+0005
 9.44717000000000E+0005    6.97446000000000E+0005
 9.44693000000000E+0005    6.97344000000000E+0005
 9.44661000000000E+0005    6.97243000000000E+0005
 9.44620000000000E+0005    6.97144000000000E+0005
 9.44569000000000E+0005    6.97043000000000E+0005
 9.44508000000000E+0005    6.96940000000000E+0005
 9.44435000000000E+0005    6.96834000000000E+0005
 9.44376000000000E+0005    6.96758000000000E+0005
 9.44316000000000E+0005    6.96683000000000E+0005
 9.44144000000000E+0005    6.96585000000000E+0005
 9.44029000000000E+0005    6.96485000000000E+0005
 9.43914000000000E+0005    6.96367000000000E+0005
 9.43820000000000E+0005    6.96227000000000E+0005
 9.43752000000000E+0005    6.96102000000000E+0005
 9.43659000000000E+0005    6.95957000000000E+0005
 9.43530000000000E+0005    6.95792000000000E+0005
 9.43421000000000E+0005    6.95664000000000E+0005
 9.43319000000000E+0005    6.95536000000000E+0005
 9.43224000000000E+0005    6.95410000000000E+0005
 9.43134000000000E+0005    6.95286000000000E+0005
 9.43050000000000E+0005    6.95164000000000E+0005
 9.42971000000000E+0005    6.95045000000000E+0005
 9.42856000000000E+0005    6.94872000000000E+0005
 9.42758000000000E+0005    6.94727000000000E+0005
 9.42653000000000E+0005    6.94582000000000E+0005
 9.42597000000000E+0005    6.94509000000000E+0005
 9.42541000000000E+0005    6.94436000000000E+0005
 9.42484000000000E+0005    6.94364000000000E+0005
 9.42380000000000E+0005    6.94249000000000E+0005
 9.42264000000000E+0005    6.94128000000000E+0005
 9.42201000000000E+0005    6.94064000000000E+0005
 9.42138000000000E+0005    6.93999000000000E+0005
 9.42074000000000E+0005    6.93935000000000E+0005
 9.42011000000000E+0005    6.93870000000000E+0005
 9.41948000000000E+0005    6.93806000000000E+0005
 9.41885000000000E+0005    6.93728000000000E+0005
 9.41823000000000E+0005    6.93651000000000E+0005
 9.41760000000000E+0005    6.93573000000000E+0005
 9.41709000000000E+0005    6.93492000000000E+0005
 9.41658000000000E+0005    6.93411000000000E+0005
 9.41614000000000E+0005    6.93328000000000E+0005
 9.41570000000000E+0005    6.93246000000000E+0005
 9.41494000000000E+0005    6.93083000000000E+0005
 9.41420000000000E+0005    6.92925000000000E+0005
 9.41348000000000E+0005    6.92774000000000E+0005
 9.41297000000000E+0005    6.92667000000000E+0005
 9.41246000000000E+0005    6.92560000000000E+0005
 9.41204000000000E+0005    6.92449000000000E+0005
 9.41175000000000E+0005    6.92334000000000E+0005
 9.41140000000000E+0005    6.92220000000000E+0005
 9.41108000000000E+0005    6.92106000000000E+0005
 9.41093000000000E+0005    6.91988000000000E+0005
 9.41097000000000E+0005    6.91869000000000E+0005
 9.41103000000000E+0005    6.91750000000000E+0005
 9.41111000000000E+0005    6.91632000000000E+0005
 9.41134000000000E+0005    6.91516000000000E+0005
 9.41206000000000E+0005    6.91422000000000E+0005
 9.41296000000000E+0005    6.91344000000000E+0005
 9.41398000000000E+0005    6.91284000000000E+0005
 9.41510000000000E+0005    6.91244000000000E+0005
 9.41622000000000E+0005    6.91203000000000E+0005
 9.41736000000000E+0005    6.91170000000000E+0005
 9.41852000000000E+0005    6.91144000000000E+0005
 9.41968000000000E+0005    6.91121000000000E+0005
 9.42085000000000E+0005    6.91098000000000E+0005
 9.42199000000000E+0005    6.91067000000000E+0005
 9.42317000000000E+0005    6.91053000000000E+0005
 9.42435000000000E+0005    6.91049000000000E+0005
 9.42554000000000E+0005    6.91046000000000E+0005
 9.42673000000000E+0005    6.91045000000000E+0005
 9.42792000000000E+0005    6.91043000000000E+0005
 9.42911000000000E+0005    6.91042000000000E+0005
 9.43000000000000E+0005    6.91061000000000E+0005
 9.43101000000000E+0005    6.91072000000000E+0005
 9.43203000000000E+0005    6.91082000000000E+0005
 9.43437000000000E+0005    6.91119000000000E+0005
 9.43590000000000E+0005    6.91118000000000E+0005
 9.43744000000000E+0005    6.91122000000000E+0005
 9.44790000000000E+0005    6.91325000000000E+0005
 9.44929000000000E+0005    6.91352000000000E+0005
 9.45168000000000E+0005    6.91398000000000E+0005
 9.45610000000000E+0005    6.91436000000000E+0005
 9.46218000000000E+0005    6.91430000000000E+0005
 9.46878000000000E+0005    6.91391000000000E+0005
 9.47584000000000E+0005    6.91340000000000E+0005
 9.48067000000000E+0005    6.91281000000000E+0005
 9.48644000000000E+0005    6.91236000000000E+0005
 9.49070000000000E+0005    6.91197000000000E+0005
 9.49442000000000E+0005    6.91162000000000E+0005
 9.49776000000000E+0005    6.91128000000000E+0005
 9.50204000000000E+0005    6.91071000000000E+0005
 9.50557000000000E+0005    6.91055000000000E+0005
 9.50930000000000E+0005    6.91038000000000E+0005
 9.51469000000000E+0005    6.90994000000000E+0005
 9.51673000000000E+0005    6.90966000000000E+0005
 9.52318000000000E+0005    6.90787000000000E+0005
 9.52784000000000E+0005    6.90627000000000E+0005
 9.53212000000000E+0005    6.90457000000000E+0005
 9.53523000000000E+0005    6.90326000000000E+0005
 9.53933000000000E+0005    6.90140000000000E+0005
 9.54340000000000E+0005    6.89904000000000E+0005
 9.54600000000000E+0005    6.89741000000000E+0005
 9.55069000000000E+0005    6.89415000000000E+0005
 9.55257000000000E+0005    6.89320000000000E+0005
 9.55502000000000E+0005    6.89197000000000E+0005
 9.55924000000000E+0005    6.88961000000000E+0005
 9.56244000000000E+0005    6.88762000000000E+0005
 9.56424000000000E+0005    6.88662000000000E+0005
 9.56686000000000E+0005    6.88482000000000E+0005
 9.60102000000000E+0005    6.85857000000000E+0005
 9.62508000000000E+0005    6.84144000000000E+0005
 9.63294000000000E+0005    6.83669000000000E+0005
32,   6,  -1, ╦шэш  чрьхїхэш ,╬╧╟_2020,934325, 686025,4,TRUE,0,3,1, 5.00000000000000E-0001,4
 9.40546000000000E+0005    6.94355000000000E+0005
 9.40667000000000E+0005    6.94526000000000E+0005
 9.40809000000000E+0005    6.94734000000000E+0005
 9.40908000000000E+0005    6.94887000000000E+0005
 9.41044000000000E+0005    6.95029000000000E+0005
 9.41207000000000E+0005    6.95182000000000E+0005
 9.41346000000000E+0005    6.95343000000000E+0005
 9.41505000000000E+0005    6.95501000000000E+0005
 9.41650000000000E+0005    6.95645000000000E+0005
 9.41800000000000E+0005    6.95780000000000E+0005
 9.41958000000000E+0005    6.95936000000000E+0005
 9.42097000000000E+0005    6.96098000000000E+0005
 9.42219000000000E+0005    6.96272000000000E+0005
 9.42323000000000E+0005    6.96459000000000E+0005
 9.42372000000000E+0005    6.96676000000000E+0005
 9.42384000000000E+0005    6.96895000000000E+0005
 9.42389000000000E+0005    6.97110000000000E+0005
 9.42385000000000E+0005    6.97310000000000E+0005
 9.42357000000000E+0005    6.97509000000000E+0005
 9.42305000000000E+0005    6.97706000000000E+0005
 9.42227000000000E+0005    6.97903000000000E+0005
 9.42150000000000E+0005    6.98096000000000E+0005
 9.42061000000000E+0005    6.98296000000000E+0005
 9.41961000000000E+0005    6.98473000000000E+0005
 9.41851000000000E+0005    6.98655000000000E+0005
 9.41741000000000E+0005    6.98838000000000E+0005
 9.41663000000000E+0005    6.99024000000000E+0005
 9.41617000000000E+0005    6.99230000000000E+0005
 9.41600000000000E+0005    6.99433000000000E+0005
 9.41617000000000E+0005    6.99644000000000E+0005
 9.41649000000000E+0005    6.99857000000000E+0005
 9.41677000000000E+0005    7.00046000000000E+0005
21,   7,  -1, ╬сырёҐ№ шчґіхээюёҐш,,934325, 686025,4,FALSE,0,0,0, 2.00000002980232E-0001,4
 9.52785000000000E+0005    6.96940000000000E+0005
 9.52795000000000E+0005    6.96570000000000E+0005
 9.52755000000000E+0005    6.96310000000000E+0005
 9.52665000000000E+0005    6.96030000000000E+0005
 9.52495000000000E+0005    6.95840000000000E+0005
 9.52305000000000E+0005    6.95730000000000E+0005
 9.52125000000000E+0005    6.95730000000000E+0005
 9.51875000000000E+0005    6.95790000000000E+0005
 9.51655000000000E+0005    6.95910000000000E+0005
 9.51415000000000E+0005    6.96170000000000E+0005
 9.51285000000000E+0005    6.96490000000000E+0005
 9.51175000000000E+0005    6.96910000000000E+0005
 9.51195000000000E+0005    6.97180000000000E+0005
 9.51305000000000E+0005    6.97640000000000E+0005
 9.51495000000000E+0005    6.97770000000000E+0005
 9.51865000000000E+0005    6.97910000000000E+0005
 9.52255000000000E+0005    6.97950000000000E+0005
 9.52515000000000E+0005    6.97880000000000E+0005
 9.52645000000000E+0005    6.97660000000000E+0005
 9.52765000000000E+0005    6.97380000000000E+0005
 9.52785000000000E+0005    6.96940000000000E+0005
31,   10,  -1, ├ЁрэшІр ышІхэчшюээюую ґірёҐър,▐цэю-┬√щэҐющёъшщ,956238, 700432,1,TRUE,8388863,0,0, 8.99999976158142E-0001,1
 9.64620000000000E+0005    6.95366000000000E+0005
 9.65110000000000E+0005    7.03031000000000E+0005
 9.55790000000000E+0005    7.03555000000000E+0005
 9.55705000000000E+0005    7.01815000000000E+0005
 9.50083000000000E+0005    7.02153000000000E+0005
 9.50083000000000E+0005    7.01309000000000E+0005
 9.46396000000000E+0005    7.01522000000000E+0005
 9.46297000000000E+0005    7.00675000000000E+0005
 9.44429000000000E+0005    7.00825000000000E+0005
 9.44404000000000E+0005    6.99928000000000E+0005
 9.40718000000000E+0005    7.00152000000000E+0005
 9.40544000000000E+0005    6.97512000000000E+0005
 9.38676000000000E+0005    6.97712000000000E+0005
 9.38501000000000E+0005    6.95097000000000E+0005
 9.40270000000000E+0005    6.94897000000000E+0005
 9.40319000000000E+0005    6.93204000000000E+0005
 9.42162000000000E+0005    6.93079000000000E+0005
 9.41888000000000E+0005    6.88895000000000E+0005
 9.40025000000000E+0005    6.89008000000000E+0005
 9.39972000000000E+0005    6.88160000000000E+0005
 9.38133000000000E+0005    6.88230000000000E+0005
 9.38080000000000E+0005    6.87417000000000E+0005
 9.43686000000000E+0005    6.87081000000000E+0005
 9.43721000000000E+0005    6.88796000000000E+0005
 9.53075000000000E+0005    6.88284000000000E+0005
 9.53128000000000E+0005    6.90034000000000E+0005
 9.57884000000000E+0005    6.89733000000000E+0005
 9.57946000000000E+0005    6.91464000000000E+0005
 9.58187000000000E+0005    6.95694000000000E+0005
 9.64653000000000E+0005    6.95421000000000E+0005
 9.64620000000000E+0005    6.95366000000000E+0005
5,   10,  -1, ├ЁрэшІр ышІхэчшюээюую ґірёҐър,╧ютєютёъшщ,937755, 702291,2,TRUE,8388863,0,0, 8.99999976158142E-0001,2
 9.50204000000000E+0005    7.02210000000000E+0005
 9.37755000000000E+0005    7.02291000000000E+0005
 9.27106000000000E+0005    7.02144000000000E+0005
 9.27204000000000E+0005    6.87307000000000E+0005
 9.38082000000000E+0005    6.87438000000000E+0005
1,   34,  -1, ├ЁрэшІр чрыхцш,▌ыхьхэҐ 3,957731, 695898,0,TRUE,255,0,1, 6.99999988079071E-0001,0
 9.57731000000000E+0005    6.95898000000000E+0005
