2264, , 0
      950991        700542
      951020        700533
      951044        700520
      951069        700502
      951092        700482
      951112        700464
      951133        700443
      951151        700419
      951164        700395
      951176        700368
      951186        700339
      951194        700312
      951200        700283
      951205        700253
      951209        700226
      951213        700197
      951217        700167
      951221        700140
      951225        700110
      951232        700081
      951240        700055
      951251        700027
      951265        700000
      951280        699978
      951298        699954
      951319        699932
      951339        699914
      951363        699895
      951388        699878
      951411        699864
      951438        699850
      951465        699837
      951488        699826
      951515        699816
      951546        699806
      951547        699806
      951574        699800
      951602        699795
      951613        699793
      951624        699783
      951648        699765
      951672        699748
      951698        699732
      951712        699724
      951738        699711
      951766        699699
      951794        699688
      951808        699684
      951837        699676
      951866        699670
      951896        699665
      951911        699663
      951941        699661
      951971        699661
      952001        699662
      952015        699663
      952045        699667
      952075        699673
      952104        699679
      952119        699683
      952148        699691
      952177        699700
      952205        699710
      952219        699715
      952247        699727
      952275        699739
      952302        699751
      952315        699757
      952343        699770
      952370        699782
      952397        699795
      952411        699802
      952438        699814
      952466        699827
      952493        699839
      952507        699845
      952534        699857
      952562        699869
      952590        699879
      952604        699884
      952633        699893
      952662        699901
      952691        699908
      952705        699911
      952735        699918
      952764        699923
      952794        699927
      952810        699928
      952840        699929
      952870        699928
      952900        699926
      952915        699925
      952945        699922
      952975        699918
      953004        699913
      953018        699910
      953047        699903
      953076        699895
      953105        699886
      953119        699882
      953148        699873
      953177        699864
      953205        699854
      953220        699848
      953248        699837
      953275        699826
      953303        699814
      953317        699808
      953345        699797
      953372        699785
      953399        699772
      953412        699765
      953439        699750
      953464        699734
      953488        699716
      953499        699706
      953519        699684
      953539        699661
      953558        699638
      953568        699626
      953587        699603
      953606        699580
      953624        699556
      953633        699544
      953651        699520
      953669        699496
      953687        699472
      953696        699460
      953714        699436
      953732        699412
      953750        699388
      953759        699375
      953777        699351
      953795        699327
      953813        699303
      953822        699291
      953839        699267
      953857        699243
      953875        699219
      953884        699207
      953903        699183
      953921        699159
      953940        699136
      953950        699125
      953969        699102
      953989        699079
      954009        699057
      954019        699046
      954018        699043
      954016        699020
      954016        698988
      954016        698956
      954015        698928
      954015        698898
      954015        698868
      954016        698841
      954017        698811
      954019        698781
      954022        698753
      954026        698724
      954031        698694
      954036        698667
      954043        698638
      954051        698609
      954058        698583
      954067        698555
      954077        698526
      954086        698500
      954097        698472
      954108        698444
      954119        698419
      954132        698391
      954146        698365
      954161        698342
      954179        698318
      954199        698296
      954219        698277
      954242        698258
      954266        698240
      954289        698226
      954316        698211
      954343        698199
      954369        698190
      954398        698182
      954427        698175
      954454        698171
      954484        698168
      954514        698166
      954542        698166
      954572        698166
      954602        698166
      954629        698164
      954659        698162
      954689        698161
      954716        698162
      954746        698163
      954776        698167
      954803        698172
      954832        698180
      954861        698188
      954887        698195
      954916        698203
      954945        698212
      954971        698221
      954999        698232
      955027        698243
      955052        698255
      955078        698268
      955105        698282
      955130        698295
      955157        698308
      955184        698320
      955210        698329
      955239        698337
      955268        698342
      955295        698342
      955325        698339
      955354        698331
      955377        698320
      955402        698302
      955424        698281
      955440        698260
      955454        698233
      955468        698206
      955480        698182
      955492        698154
      955505        698127
      955518        698102
      955531        698075
      955546        698049
      955560        698026
      955575        698000
      955593        697976
      955611        697956
      955632        697934
      955655        697915
      955678        697900
      955705        697885
      955732        697873
      955758        697864
      955787        697856
      955816        697849
      955842        697845
      955872        697842
      955902        697839
      955930        697836
      955960        697834
      955990        697832
      956017        697830
      956047        697828
      956077        697828
      956104        697829
      956134        697832
      956164        697836
      956190        697842
      956219        697850
      956248        697859
      956274        697869
      956302        697880
      956330        697890
      956357        697899
      956386        697908
      956415        697912
      956440        697911
      956471        697906
      956498        697895
      956517        697879
      956536        697854
      956550        697827
      956557        697801
      956560        697770
      956562        697740
      956565        697713
      956567        697683
      956570        697653
      956575        697626
      956581        697596
      956587        697567
      956593        697541
      956599        697512
      956604        697482
      956608        697454
      956610        697424
      956611        697394
      956609        697367
      956605        697338
      956600        697308
      956595        697281
      956589        697252
      956584        697222
      956582        697194
      956581        697164
      956581        697134
      956583        697107
      956586        697077
      956589        697047
      956591        697020
      956593        696990
      956594        696960
      956593        696933
      956590        696903
      956588        696873
      956586        696845
      956584        696815
      956583        696785
      956583        696758
      956583        696728
      956583        696698
      956583        696670
      956583        696640
      956583        696610
      956582        696583
      956579        696553
      956577        696523
      956575        696496
      956572        696466
      956569        696436
      956566        696409
      956562        696379
      956555        696350
      956546        696324
      956534        696297
      956520        696270
      956506        696247
      956488        696223
      956471        696198
      956455        696175
      956438        696151
      956422        696125
      956410        696100
      956398        696072
      956389        696044
      956383        696018
      956379        695988
      956376        695958
      956376        695931
      956377        695901
      956379        695871
      956382        695844
      956386        695814
      956389        695784
      956392        695757
      956394        695727
      956396        695697
      956397        695669
      956397        695639
      956397        695609
      956397        695582
      956397        695552
      956397        695522
      956396        695494
      956395        695464
      956393        695434
      956391        695407
      956388        695377
      956387        695347
      956387        695320
      956389        695289
      956394        695260
      956402        695235
      956414        695207
      956429        695181
      956444        695158
      956463        695135
      956483        695112
      956502        695092
      956525        695072
      956546        695051
      956565        695032
      956586        695010
      956604        694986
      956618        694962
      956630        694935
      956642        694907
      956652        694882
      956662        694853
      956672        694825
      956681        694800
      956691        694771
      956701        694743
      956710        694717
      956720        694689
      956729        694660
      956737        694633
      956745        694604
      956755        694576
      956767        694553
      956784        694528
      956804        694506
      956826        694493
      956854        694482
      956882        694469
      956905        694455
      956930        694438
      956952        694418
      956968        694396
      956982        694369
      956993        694341
      957001        694316
      957009        694287
      957014        694257
      957017        694230
      957019        694200
      957021        694170
      957022        694142
      957023        694112
      957024        694082
      957026        694055
      957029        694025
      957032        693995
      957035        693968
      957037        693938
      957039        693908
      957040        693880
      957039        693850
      957038        693820
      957036        693793
      957033        693763
      957029        693733
      957025        693706
      957021        693677
      957016        693647
      957012        693620
      957008        693590
      957001        693561
      956993        693534
      956982        693506
      956968        693480
      956953        693460
      956932        693438
      956907        693421
      956883        693413
      956853        693409
      956822        693407
      956795        693406
      956765        693408
      956735        693409
      956707        693410
      956677        693411
      956647        693413
      956620        693415
      956591        693419
      956561        693424
      956534        693431
      956505        693440
      956476        693448
      956450        693455
      956420        693462
      956391        693466
      956364        693465
      956334        693461
      956305        693453
      956280        693443
      956253        693429
      956227        693414
      956204        693400
      956178        693384
      956153        693368
      956129        693354
      956104        693339
      956078        693323
      956055        693309
      956030        693293
      956005        693276
      955983        693260
      955960        693240
      955939        693219
      955922        693197
      955905        693172
      955890        693146
      955878        693122
      955867        693094
      955856        693066
      955845        693041
      955832        693013
      955820        692986
      955808        692961
      955795        692935
      955783        692907
      955774        692881
      955766        692852
      955759        692823
      955756        692796
      955754        692766
      955750        692736
      955744        692709
      955736        692680
      955726        692652
      955714        692629
      955698        692603
      955680        692579
      955662        692558
      955642        692536
      955620        692515
      955599        692498
      955574        692481
      955549        692464
      955526        692450
      955500        692435
      955474        692420
      955451        692405
      955426        692389
      955400        692373
      955376        692360
      955349        692347
      955322        692334
      955297        692322
      955270        692308
      955245        692292
      955224        692275
      955203        692253
      955183        692231
      955166        692210
      955149        692186
      955132        692161
      955117        692138
      955101        692113
      955086        692087
      955072        692063
      955058        692036
      955045        692009
      955033        691984
      955021        691957
      955010        691929
      955002        691903
      954995        691874
      954988        691845
      954982        691818
      954977        691789
      954971        691759
      954966        691732
      954961        691703
      954956        691673
      954953        691646
      954950        691616
      954947        691586
      954944        691558
      954942        691528
      954939        691498
      954936        691471
      954933        691441
      954930        691411
      954927        691385
      954923        691355
      954919        691325
      954915        691298
      954911        691268
      954907        691238
      954903        691211
      954898        691181
      954892        691152
      954887        691125
      954880        691096
      954872        691067
      954863        691041
      954852        691013
      954841        690985
      954831        690959
      954821        690930
      954812        690902
      954804        690876
      954797        690847
      954789        690818
      954782        690792
      954774        690763
      954766        690734
      954757        690708
      954748        690679
      954738        690651
      954730        690625
      954722        690596
      954713        690567
      954704        690541
      954693        690513
      954682        690485
      954671        690460
      954658        690433
      954645        690406
      954633        690381
      954620        690354
      954607        690327
      954595        690302
      954582        690275
      954569        690248
      954557        690224
      954542        690198
      954527        690172
      954512        690148
      954495        690124
      954476        690100
      954458        690080
      954436        690059
      954414        690039
      954393        690022
      954370        690005
      954345        689986
      954337        689980
      954314        689962
      954290        689943
      954283        689938
      954279        689941
      954255        689955
      954229        689971
      954204        689986
      954177        690002
      954150        690018
      954123        690034
      954096        690050
      954068        690066
      954041        690082
      954013        690097
      953986        690112
      953959        690126
      953933        690140
      953933        690140
      953905        690154
      953878        690168
      953849        690181
      953821        690195
      953793        690208
      953764        690221
      953736        690233
      953708        690246
      953680        690258
      953652        690270
      953625        690282
      953599        690293
      953573        690304
      953547        690315
      953523        690326
      953515        690330
      953485        690343
      953456        690355
      953429        690367
      953404        690378
      953378        690389
      953353        690399
      953327        690410
      953301        690421
      953273        690432
      953244        690444
      953212        690457
      953204        690460
      953179        690471
      953153        690481
      953127        690492
      953100        690503
      953073        690514
      953045        690525
      953017        690536
      952988        690548
      952960        690559
      952930        690571
      952901        690582
      952872        690594
      952843        690605
      952813        690616
      952784        690627
      952773        690631
      952746        690641
      952719        690651
      952692        690661
      952666        690670
      952639        690680
      952613        690689
      952586        690699
      952559        690708
      952531        690718
      952503        690728
      952474        690737
      952445        690747
      952415        690757
      952383        690767
      952351        690777
      952318        690787
      952310        690789
      952284        690797
      952257        690806
      952228        690814
      952198        690823
      952167        690832
      952136        690841
      952104        690850
      952072        690859
      952039        690868
      952007        690877
      951974        690886
      951942        690895
      951910        690904
      951879        690912
      951849        690920
      951820        690928
      951791        690936
      951764        690943
      951739        690949
      951715        690956
      951693        690961
      951673        690966
      951628        690977
      951595        690984
      951574        690988
      951558        690989
      951540        690989
      951513        690990
      951469        690994
      951468        690994
      951447        690996
      951422        690998
      951396        691001
      951368        691003
      951338        691006
      951307        691009
      951276        691011
      951243        691014
      951210        691017
      951176        691019
      951143        691022
      951110        691025
      951077        691027
      951045        691030
      951014        691032
      950984        691034
      950956        691036
      950930        691038
      950914        691039
      950879        691041
      950846        691043
      950814        691045
      950784        691046
      950754        691047
      950726        691049
      950697        691050
      950670        691051
      950642        691052
      950614        691053
      950586        691054
      950557        691055
      950533        691056
      950503        691057
      950474        691058
      950445        691059
      950416        691060
      950387        691060
      950358        691061
      950329        691063
      950299        691064
      950268        691066
      950237        691068
      950204        691071
      950193        691072
      950165        691075
      950136        691078
      950106        691082
      950076        691086
      950045        691090
      950014        691095
      949983        691099
      949952        691104
      949921        691108
      949890        691113
      949860        691117
      949831        691121
      949803        691125
      949776        691128
      949770        691129
      949737        691133
      949705        691136
      949675        691139
      949646        691142
      949617        691145
      949589        691148
      949560        691151
      949532        691153
      949503        691156
      949473        691159
      949442        691162
      949429        691163
      949401        691166
      949372        691169
      949343        691172
      949314        691174
      949285        691177
      949255        691180
      949225        691183
      949195        691185
      949164        691188
      949133        691191
      949102        691194
      949070        691197
      949063        691198
      949035        691200
      949007        691203
      948979        691206
      948951        691208
      948923        691211
      948895        691214
      948866        691216
      948837        691219
      948807        691222
      948776        691225
      948745        691227
      948712        691230
      948679        691233
      948644        691236
      948636        691237
      948610        691239
      948582        691241
      948553        691243
      948524        691245
      948494        691248
      948464        691250
      948433        691252
      948402        691254
      948370        691256
      948339        691259
      948307        691261
      948276        691263
      948245        691266
      948214        691268
      948183        691271
      948153        691273
      948124        691276
      948095        691278
      948067        691281
      948060        691282
      948028        691285
      947998        691288
      947969        691292
      947940        691296
      947912        691299
      947885        691303
      947858        691307
      947831        691311
      947803        691314
      947775        691318
      947746        691322
      947717        691326
      947686        691329
      947654        691333
      947620        691337
      947584        691340
      947569        691341
      947543        691344
      947516        691346
      947488        691348
      947460        691351
      947431        691353
      947402        691355
      947372        691357
      947341        691360
      947311        691362
      947280        691364
      947248        691366
      947217        691369
      947186        691371
      947154        691373
      947122        691375
      947091        691377
      947060        691379
      947029        691381
      946998        691383
      946967        691385
      946937        691387
      946907        691389
      946878        691391
      946877        691391
      946846        691393
      946815        691395
      946784        691397
      946754        691399
      946723        691401
      946692        691403
      946662        691406
      946632        691408
      946601        691410
      946571        691411
      946541        691413
      946511        691415
      946482        691417
      946452        691419
      946422        691420
      946393        691422
      946363        691424
      946334        691425
      946305        691426
      946276        691428
      946247        691429
      946218        691430
      946210        691430
      946178        691431
      946147        691432
      946115        691433
      946084        691434
      946052        691435
      946021        691436
      945989        691436
      945958        691437
      945927        691437
      945896        691438
      945866        691438
      945836        691438
      945806        691439
      945776        691439
      945747        691438
      945719        691438
      945691        691438
      945663        691437
      945636        691437
      945610        691436
      945582        691435
      945548        691434
      945513        691432
      945480        691430
      945447        691427
      945416        691425
      945384        691422
      945354        691419
      945325        691416
      945296        691413
      945269        691410
      945242        691407
      945216        691404
      945192        691401
      945168        691398
      945163        691397
      945124        691392
      945089        691386
      945057        691380
      945028        691374
      945001        691368
      944976        691362
      944952        691357
      944929        691352
      944911        691349
      944909        691348
      944908        691348
      944877        691342
      944790        691325
      944781        691323
      944762        691320
      944742        691316
      944719        691311
      944695        691306
      944669        691301
      944641        691296
      944613        691290
      944583        691284
      944551        691278
      944519        691272
      944486        691265
      944453        691258
      944418        691252
      944383        691245
      944348        691238
      944312        691231
      944277        691224
      944241        691217
      944205        691210
      944170        691203
      944135        691196
      944100        691189
      944066        691183
      944032        691176
      944000        691170
      943968        691164
      943937        691158
      943908        691152
      943879        691147
      943853        691142
      943827        691137
      943804        691133
      943782        691129
      943762        691125
      943744        691122
      943729        691119
      943650        691108
      943617        691106
      943609        691110
      943606        691115
      943590        691118
      943587        691118
      943558        691119
      943531        691120
      943503        691121
      943472        691121
      943437        691119
      943413        691116
      943384        691112
      943352        691107
      943319        691102
      943286        691096
      943255        691090
      943227        691086
      943203        691082
      943184        691080
      943151        691076
      943127        691074
      943101        691072
      943089        691071
      943059        691068
      943029        691065
      943000        691061
      942999        691061
      942970        691054
      942942        691047
      942911        691042
      942884        691041
      942854        691041
      942823        691042
      942792        691043
      942763        691043
      942733        691044
      942703        691045
      942673        691045
      942644        691045
      942614        691045
      942584        691046
      942554        691046
      942525        691047
      942495        691047
      942465        691048
      942435        691049
      942407        691050
      942377        691050
      942347        691051
      942317        691053
      942288        691055
      942258        691058
      942229        691062
      942199        691067
      942172        691073
      942143        691082
      942114        691090
      942085        691098
      942057        691104
      942027        691110
      941997        691115
      941968        691121
      941940        691126
      941911        691132
      941881        691138
      941852        691144
      941824        691150
      941794        691156
      941765        691163
      941736        691170
      941708        691177
      941679        691185
      941651        691194
      941622        691203
      941594        691213
      941566        691223
      941538        691234
      941510        691244
      941483        691253
      941454        691263
      941426        691273
      941398        691284
      941373        691297
      941346        691311
      941321        691327
      941296        691344
      941273        691361
      941250        691381
      941227        691401
      941206        691422
      941186        691443
      941166        691466
      941148        691490
      941134        691516
      941125        691542
      941119        691572
      941115        691602
      941111        691632
      941108        691660
      941106        691690
      941105        691720
      941103        691750
      941101        691779
      941100        691809
      941098        691839
      941097        691869
      941095        691898
      941094        691928
      941093        691958
      941093        691988
      941095        692017
      941098        692047
      941103        692077
      941108        692106
      941114        692134
      941123        692163
      941131        692191
      941140        692220
      941149        692248
      941158        692277
      941167        692305
      941175        692334
      941182        692362
      941189        692391
      941196        692420
      941204        692449
      941213        692476
      941223        692504
      941234        692532
      941246        692560
      941258        692586
      941271        692613
      941284        692640
      941297        692667
      941309        692692
      941321        692717
      941334        692744
      941348        692774
      941355        692788
      941367        692813
      941380        692840
      941393        692869
      941407        692897
      941420        692925
      941430        692947
      941443        692974
      941456        693001
      941468        693028
      941481        693055
      941494        693083
      941507        693111
      941520        693140
      941534        693169
      941547        693197
      941559        693223
      941570        693246
      941572        693250
      941588        693281
      941601        693304
      941614        693328
      941616        693331
      941630        693358
      941643        693385
      941658        693411
      941661        693416
      941677        693441
      941693        693467
      941709        693492
      941712        693497
      941728        693522
      941743        693548
      941760        693573
      941766        693581
      941785        693605
      941804        693628
      941823        693651
      941829        693658
      941847        693681
      941866        693705
      941885        693728
      941891        693736
      941910        693760
      941929        693784
      941948        693806
      941969        693828
      941990        693849
      942011        693870
      942011        693870
      942032        693892
      942053        693914
      942074        693935
      942074        693935
      942096        693957
      942117        693978
      942138        693999
      942138        693999
      942159        694021
      942180        694043
      942201        694064
      942220        694083
      942239        694102
      942264        694128
      942274        694138
      942293        694158
      942315        694181
      942337        694204
      942359        694227
      942380        694249
      942384        694253
      942405        694276
      942427        694300
      942448        694323
      942467        694345
      942484        694364
      942486        694366
      942507        694392
      942524        694414
      942541        694436
      942542        694438
      942561        694461
      942579        694485
      942597        694509
      942598        694511
      942615        694532
      942631        694553
      942653        694582
      942667        694601
      942684        694625
      942703        694650
      942722        694676
      942740        694702
      942758        694727
      942772        694748
      942789        694772
      942805        694796
      942821        694820
      942838        694846
      942856        694872
      942871        694894
      942888        694920
      942905        694946
      942923        694972
      942940        694998
      942956        695023
      942971        695045
      942986        695067
      943003        695093
      943018        695117
      943034        695140
      943050        695164
      943066        695187
      943082        695212
      943099        695236
      943117        695261
      943134        695286
      943136        695289
      943153        695313
      943170        695337
      943188        695361
      943206        695386
      943224        695410
      943229        695416
      943246        695440
      943264        695464
      943282        695488
      943300        695512
      943319        695536
      943327        695547
      943346        695570
      943364        695594
      943383        695617
      943402        695641
      943421        695664
      943432        695678
      943451        695700
      943470        695721
      943489        695744
      943509        695767
      943530        695792
      943547        695813
      943566        695837
      943586        695861
      943605        695886
      943624        695910
      943642        695934
      943659        695957
      943673        695977
      943691        696003
      943707        696029
      943723        696054
      943738        696078
      943752        696102
      943764        696123
      943778        696149
      943791        696174
      943804        696200
      943820        696227
      943829        696242
      943845        696267
      943861        696293
      943878        696318
      943896        696343
      943914        696367
      943924        696378
      943929        696385
      943939        696382
      943959        696375
      943989        696365
      944019        696355
      944044        696345
      944073        696334
      944102        696330
      944127        696334
      944155        696346
      944182        696362
      944184        696363
      944206        696383
      944227        696405
      944246        696428
      944260        696445
      944278        696468
      944295        696492
      944307        696508
      944325        696533
      944342        696557
      944353        696574
      944370        696599
      944386        696624
      944396        696641
      944411        696668
      944425        696694
      944434        696712
      944447        696739
      944461        696766
      944471        696783
      944487        696809
      944503        696834
      944513        696852
      944528        696878
      944543        696904
      944554        696921
      944571        696946
      944587        696971
      944598        696988
      944613        697014
      944629        697039
      944641        697056
      944658        697080
      944676        697104
      944687        697120
      944704        697145
      944721        697170
      944737        697193
      944754        697219
      944771        697243
      944783        697260
      944799        697284
      944816        697309
      944828        697327
      944845        697352
      944861        697377
      944871        697394
      944885        697420
      944901        697446
      944918        697469
      944937        697493
      944956        697516
      944969        697533
      944987        697556
      945007        697579
      945028        697599
      945051        697619
      945075        697638
      945097        697654
      945122        697671
      945147        697687
      945171        697701
      945197        697716
      945224        697729
      945249        697740
      945277        697751
      945305        697762
      945330        697772
      945358        697782
      945386        697793
      945411        697804
      945438        697816
      945465        697830
      945490        697844
      945516        697859
      945541        697875
      945564        697889
      945589        697906
      945614        697922
      945638        697937
      945663        697953
      945689        697968
      945713        697981
      945740        697994
      945767        698007
      945793        698018
      945821        698029
      945849        698038
      945875        698045
      945905        698052
      945934        698058
      945961        698062
      945991        698066
      946021        698068
      946048        698069
      946078        698069
      946108        698067
      946136        698064
      946166        698060
      946195        698055
      946221        698049
      946250        698042
      946279        698033
      946305        698023
      946332        698011
      946360        697999
      946385        697989
      946413        697978
      946441        697968
      946468        697960
      946498        697953
      946526        697945
      946545        697940
      946574        697932
      946602        697921
      946626        697909
      946652        697894
      946677        697876
      946698        697859
      946719        697837
      946738        697814
      946753        697791
      946767        697764
      946778        697736
      946786        697711
      946794        697682
      946798        697652
      946799        697624
      946798        697594
      946795        697564
      946791        697537
      946786        697508
      946781        697478
      946778        697451
      946775        697421
      946775        697391
      946778        697364
      946783        697334
      946791        697305
      946800        697280
      946813        697253
      946827        697226
      946841        697202
      946856        697176
      946873        697151
      946890        697129
      946909        697107
      946930        697085
      946950        697067
      946973        697048
      946997        697030
      947019        697013
      947043        696995
      947068        696978
      947091        696964
      947117        696948
      947143        696934
      947168        696922
      947196        696910
      947223        696897
      947247        696885
      947274        696871
      947301        696858
      947326        696847
      947354        696836
      947381        696824
      947406        696812
      947432        696798
      947457        696781
      947478        696763
      947500        696742
      947519        696719
      947533        696697
      947547        696670
      947559        696642
      947569        696616
      947579        696588
      947588        696559
      947595        696533
      947601        696503
      947607        696474
      947611        696452
      947617        696423
      947621        696393
      947624        696367
      947627        696337
      947630        696307
      947633        696279
      947637        696250
      947642        696220
      947647        696193
      947654        696164
      947661        696135
      947669        696109
      947679        696080
      947689        696052
      947699        696026
      947711        695999
      947723        695971
      947735        695946
      947747        695918
      947759        695891
      947769        695866
      947778        695838
      947787        695809
      947794        695782
      947800        695753
      947805        695723
      947809        695696
      947813        695667
      947818        695637
      947824        695610
      947831        695581
      947839        695552
      947846        695524
      947853        695494
      947862        695466
      947874        695442
      947891        695417
      947908        695392
      947924        695370
      947942        695346
      947960        695322
      947976        695299
      947992        695274
      948007        695248
      948019        695224
      948032        695197
      948043        695169
      948052        695143
      948059        695114
      948067        695085
      948074        695058
      948081        695029
      948088        695000
      948095        694973
      948103        694943
      948108        694914
      948111        694887
      948111        694857
      948109        694827
      948104        694801
      948095        694772
      948084        694744
      948071        694720
      948055        694694
      948037        694670
      948019        694649
      947998        694627
      947979        694604
      947964        694582
      947948        694556
      947934        694530
      947923        694505
      947913        694477
      947901        694449
      947888        694425
      947872        694399
      947855        694375
      947837        694354
      947815        694333
      947794        694312
      947776        694292
      947757        694269
      947739        694245
      947725        694222
      947712        694195
      947700        694167
      947690        694142
      947680        694113
      947670        694085
      947658        694058
      947645        694029
      947635        694004
      947631        693991
      947625        693962
      947623        693953
      947615        693926
      947605        693894
      947596        693862
      947588        693835
      947581        693809
      947574        693781
      947566        693754
      947556        693728
      947543        693700
      947532        693673
      947527        693659
      947517        693632
      947508        693603
      947499        693577
      947489        693548
      947482        693519
      947479        693493
      947479        693462
      947480        693433
      947481        693418
      947485        693389
      947491        693359
      947497        693337
      947506        693306
      947513        693279
      947515        693253
      947517        693224
      947518        693217
      947526        693188
      947532        693158
      947533        693152
      947534        693121
      947534        693092
      947535        693069
      947538        693040
      947544        693013
      947551        692983
      947551        692983
      947557        692953
      947563        692924
      947572        692899
      947584        692870
      947590        692852
      947600        692822
      947610        692794
      947612        692790
      947627        692764
      947643        692739
      947644        692737
      947658        692711
      947673        692684
      947680        692670
      947694        692644
      947711        692617
      947713        692615
      947731        692592
      947752        692569
      947770        692545
      947771        692543
      947784        692516
      947796        692488
      947810        692462
      947829        692442
      947852        692424
      947876        692405
      947897        692387
      947920        692367
      947943        692348
      947965        692331
      947989        692314
      948014        692297
      948037        692282
      948062        692266
      948088        692251
      948112        692238
      948140        692225
      948167        692213
      948193        692203
      948221        692193
      948250        692185
      948276        692180
      948306        692175
      948336        692174
      948363        692176
      948393        692181
      948422        692189
      948447        692198
      948475        692211
      948501        692226
      948524        692241
      948549        692258
      948572        692277
      948591        692295
      948611        692318
      948629        692342
      948644        692366
      948658        692393
      948670        692420
      948678        692446
      948685        692475
      948692        692504
      948698        692530
      948704        692560
      948713        692588
      948725        692611
      948742        692636
      948764        692656
      948787        692666
      948817        692672
      948848        692673
      948874        692671
      948904        692664
      948933        692655
      948959        692645
      948986        692632
      949013        692619
      949037        692607
      949064        692593
      949090        692578
      949114        692564
      949140        692548
      949165        692532
      949188        692517
      949213        692501
      949238        692484
      949261        692469
      949286        692452
      949311        692436
      949334        692421
      949360        692406
      949387        692393
      949412        692384
      949442        692375
      949471        692372
      949496        692374
      949526        692381
      949554        692392
      949577        692406
      949600        692427
      949621        692448
      949639        692469
      949657        692492
      949676        692516
      949694        692538
      949713        692560
      949733        692583
      949751        692603
      949771        692626
      949792        692647
      949812        692666
      949834        692686
      949857        692705
      949878        692721
      949903        692737
      949929        692753
      949953        692767
      949980        692782
      950006        692796
      950031        692808
      950059        692822
      950082        692839
      950095        692857
      950106        692886
      950111        692916
      950108        692942
      950099        692972
      950090        693001
      950083        693027
      950075        693056
      950066        693085
      950058        693112
      950049        693141
      950039        693169
      950028        693194
      950015        693221
      949999        693246
      949981        693265
      949958        693285
      949934        693303
      949910        693317
      949883        693330
      949857        693345
      949835        693361
      949811        693381
      949792        693403
      949779        693425
      949766        693453
      949761        693482
      949764        693506
      949775        693535
      949790        693562
      949806        693583
      949827        693606
      949847        693628
      949864        693650
      949882        693674
      949898        693699
      949910        693723
      949922        693750
      949931        693779
      949936        693806
      949939        693836
      949940        693866
      949939        693894
      949936        693924
      949929        693953
      949920        693979
      949906        694006
      949891        694032
      949875        694054
      949856        694078
      949836        694100
      949817        694119
      949795        694140
      949774        694161
      949755        694181
      949735        694204
      949720        694229
      949712        694253
      949708        694284
      949708        694314
      949711        694341
      949718        694371
      949725        694400
      949730        694427
      949735        694456
      949738        694486
      949740        694514
      949741        694544
      949740        694574
      949737        694601
      949733        694631
      949727        694660
      949721        694687
      949713        694716
      949703        694744
      949692        694769
      949679        694796
      949662        694821
      949644        694841
      949622        694861
      949597        694878
      949574        694891
      949546        694903
      949518        694914
      949492        694925
      949464        694935
      949436        694947
      949412        694959
      949386        694974
      949360        694989
      949337        695004
      949312        695021
      949288        695038
      949266        695055
      949242        695073
      949219        695092
      949198        695110
      949175        695130
      949154        695151
      949137        695173
      949120        695198
      949106        695224
      949097        695248
      949090        695278
      949083        695307
      949076        695334
      949068        695363
      949058        695391
      949045        695414
      949028        695439
      949011        695464
      948996        695487
      948980        695513
      948968        695540
      948962        695566
      948958        695596
      948958        695626
      948961        695652
      948968        695682
      948975        695711
      948981        695738
      948987        695767
      948996        695796
      949005        695822
      949018        695850
      949033        695875
      949050        695894
      949073        695914
      949098        695931
      949122        695943
      949150        695954
      949179        695963
      949206        695969
      949236        695974
      949266        695975
      949293        695973
      949322        695967
      949351        695958
      949376        695947
      949403        695932
      949426        695913
      949442        695893
      949456        695866
      949470        695839
      949484        695815
      949498        695788
      949514        695763
      949530        695741
      949548        695718
      949568        695695
      949587        695675
      949609        695654
      949630        695633
      949649        695613
      949669        695591
      949688        695568
      949704        695546
      949721        695520
      949739        695497
      949756        695479
      949778        695457
      949803        695442
      949829        695437
      949860        695436
      949890        695434
      949916        695427
      949945        695417
      949973        695407
      949999        695399
      950028        695391
      950057        695385
      950085        695383
      950115        695383
      950145        695385
      950172        695389
      950202        695395
      950231        695398
      950255        695398
      950285        695397
      950315        695391
      950323        695389
      950351        695378
      950380        695366
      950407        695354
      950433        695342
      950460        695329
      950487        695319
      950513        695315
      950543        695314
      950573        695317
      950599        695324
      950627        695335
      950654        695348
      950677        695361
      950703        695378
      950728        695394
      950752        695408
      950779        695422
      950806        695434
      950832        695444
      950860        695453
      950889        695461
      950916        695467
      950945        695472
      950975        695477
      951002        695481
      951032        695485
      951061        695493
      951086        695504
      951112        695520
      951136        695538
      951157        695555
      951178        695576
      951196        695600
      951207        695623
      951214        695653
      951219        695683
      951219        695685
      951220        695715
      951219        695745
      951216        695775
      951214        695798
      951210        695828
      951204        695857
      951196        695883
      951184        695911
      951173        695939
      951164        695964
      951153        695992
      951142        696020
      951131        696044
      951118        696071
      951105        696098
      951093        696122
      951080        696149
      951067        696176
      951055        696200
      951041        696227
      951026        696253
      951012        696277
      950997        696303
      950980        696328
      950964        696350
      950945        696373
      950925        696396
      950907        696416
      950887        696438
      950865        696459
      950844        696476
      950820        696494
      950795        696511
      950772        696525
      950745        696539
      950718        696552
      950693        696562
      950664        696572
      950636        696582
      950610        696591
      950582        696601
      950553        696610
      950526        696616
      950497        696621
      950467        696625
      950439        696627
      950409        696627
      950379        696625
      950352        696622
      950322        696617
      950293        696611
      950267        696606
      950237        696599
      950208        696593
      950181        696587
      950152        696580
      950122        696575
      950095        696573
      950065        696572
      950035        696574
      950007        696578
      949978        696585
      949949        696593
      949923        696602
      949895        696613
      949867        696624
      949843        696635
      949816        696648
      949788        696660
      949787        696661
      949759        696672
      949731        696684
      949703        696694
      949676        696703
      949648        696711
      949619        696719
      949593        696727
      949564        696735
      949535        696743
      949508        696750
      949479        696758
      949450        696765
      949423        696772
      949394        696779
      949365        696787
      949338        696795
      949309        696804
      949281        696814
      949256        696825
      949230        696839
      949204        696855
      949182        696871
      949159        696891
      949136        696910
      949115        696928
      949092        696947
      949069        696966
      949046        696982
      949021        696999
      948997        697017
      948977        697035
      948956        697056
      948938        697080
      948926        697104
      948915        697132
      948906        697161
      948900        697188
      948895        697217
      948889        697247
      948881        697275
      948872        697304
      948864        697333
      948859        697360
      948854        697390
      948849        697419
      948846        697446
      948842        697477
      948833        697504
      948820        697523
      948799        697546
      948773        697561
      948748        697567
      948717        697566
      948686        697563
      948660        697558
      948631        697551
      948602        697541
      948577        697531
      948550        697517
      948523        697504
      948498        697493
      948471        697480
      948443        697469
      948416        697461
      948387        697453
      948358        697445
      948333        697437
      948304        697427
      948276        697417
      948251        697407
      948223        697395
      948195        697384
      948168        697376
      948139        697368
      948110        697362
      948083        697358
      948053        697356
      948023        697357
      947996        697361
      947965        697368
      947940        697381
      947927        697397
      947914        697426
      947909        697456
      947913        697482
      947925        697510
      947937        697539
      947947        697565
      947958        697593
      947968        697621
      947974        697647
      947980        697676
      947985        697706
      947989        697733
      947994        697763
      948000        697792
      948007        697819
      948017        697847
      948028        697875
      948040        697899
      948056        697924
      948073        697949
      948091        697970
      948111        697992
      948133        698013
      948154        698031
      948177        698049
      948201        698068
      948222        698085
      948245        698104
      948268        698124
      948288        698143
      948310        698164
      948330        698186
      948347        698208
      948364        698233
      948380        698258
      948393        698282
      948406        698309
      948419        698336
      948430        698361
      948441        698389
      948452        698417
      948461        698442
      948471        698471
      948481        698499
      948489        698526
      948498        698554
      948507        698583
      948516        698609
      948525        698637
      948536        698665
      948547        698691
      948559        698718
      948572        698745
      948585        698769
      948601        698794
      948618        698819
      948635        698841
      948655        698864
      948675        698886
      948695        698905
      948717        698925
      948740        698944
      948761        698961
      948785        698980
      948808        698999
      948829        699017
      948852        699036
      948875        699056
      948895        699074
      948918        699094
      948940        699114
      948961        699133
      948983        699153
      949005        699173
      949026        699191
      949050        699209
      949073        699228
      949094        699245
      949118        699263
      949142        699281
      949162        699296
      949186        699314
      949210        699332
      949232        699348
      949257        699365
      949282        699382
      949305        699396
      949331        699411
      949358        699425
      949383        699437
      949410        699449
      949438        699460
      949464        699468
      949493        699476
      949523        699481
      949551        699484
      949581        699485
      949611        699484
      949638        699482
      949667        699478
      949697        699474
      949725        699469
      949754        699463
      949784        699458
      949811        699454
      949841        699451
      949871        699449
      949898        699448
      949928        699448
      949958        699450
      949986        699453
      950015        699457
      950045        699462
      950072        699467
      950101        699474
      950130        699482
      950155        699490
      950183        699501
      950211        699513
      950236        699525
      950263        699539
      950289        699554
      950312        699569
      950337        699586
      950361        699604
      950382        699621
      950404        699642
      950425        699663
      950444        699683
      950463        699706
      950481        699730
      950496        699753
      950511        699779
      950526        699805
      950539        699829
      950552        699856
      950565        699883
      950576        699909
      950586        699937
      950596        699965
      950604        699991
      950611        700020
      950619        700049
      950626        700076
      950634        700105
      950642        700134
      950649        700160
      950657        700189
      950666        700218
      950675        700244
      950685        700272
      950696        700300
      950708        700325
      950722        700352
      950738        700377
      950754        700399
      950774        700422
      950795        700443
      950815        700461
      950839        700479
      950863        700497
      950885        700514
      950910        700532
      950936        700544
      950960        700546
