    1Р; 0; 952044; 696537; -1; -1; 36; 0; -1; ; ; ; -1;      0.0;      0.0;      0.0;      0.0; 0; 0; ; ; 0; 8; 8; 0; -1
    2Р; 0; 941067; 695783; -1; -1; 36; 0; -1; ; ; ; -1;      0.0;      0.0;      0.0;      0.0; 0; 0; ; ; 0; 2; 8; 0; -1
    3Р; 0; 937313; 691951; -1; -1; 36; 0; -1; ; ; ; -1;      0.0;      0.0;      0.0;      0.0; 0; 0; ; ; 0; 8; 8; 0; -1
    7Р; 0; 931119; 688492; -1; -1; 41; 0; -1; ; ; ; -1;      0.0;      0.0;      0.0;      0.0; 0; 0; ; ; 0; 8; 8; 7; -1
   45Р; 0; 952142; 690037; -1; -1; 36; 0; -1; ; ; ; -1;      0.0;      0.0;      0.0;      0.0; 0; 0; ; ; 0; 8; 8; 0; -1
   85Р; 0; 951992; 692540; -1; -1; 36; 0; -1; ; ; ; -1;      0.0;      0.0;      0.0;      0.0; 0; 0; ; ; 0; 8; 8; 0; -1
   92Р; 0; 950598; 698867; -1; -1; 36; 0; -1; ; ; ; -1;      0.0;      0.0;      0.0;      0.0; 0; 0; ; ; 0; 8; 8; 0; -1
   94П; 0; 957545; 702202; -1; -1; 36; 0; -1; ; ; ; -1;      0.0;      0.0;      0.0;      0.0; 0; 0; ; ; 0; 8; 8; 0; -1
   97Р; 0; 958715; 692698; -1; -1; 36; 0; -1; ; ; ; -1;      0.0;      0.0;      0.0;      0.0; 0; 0; ; ; 0; 8; 8; 0; -1
   98Р; 0; 945683; 699681; -1; -1; 36; 0; -1; ; ; ; -1;      0.0;      0.0;      0.0;      0.0; 0; 0; ; ; 0; 8; 8; 0; -1
  113Р; ; 930914; 697698; -1; -1; 36; 0; -1; ; ; ; -1;      0.0;      0.0;      0.0;      0.0; 0; 0; ; ; 0; -1; 8; 0; -1
  116Р; 0; 935172; 689999; -1; -1; 36; 0; -1; ; ; ; -1;      0.0;      0.0;      0.0;      0.0; 0; 0; ; ; 0; 8; 8; 0; -1
  118Р; 0; 940459; 690885; -1; -1; 36; 0; -1; ; ; ; -1;      0.0;      0.0;      0.0;      0.0; 0; 0; ; ; 0; 8; 8; 0; -1
  150Р; 0; 972876; 677500; -1; -1; 36; 0; -1; ; ; ; -1;      0.0;      0.0;      0.0;      0.0; 0; 0; ; ; 0; -1; 8; 0; -1
  151Р; 0; 974153; 674213; -1; -1; 36; 0; -1; ; ; ; -1;      0.0;      0.0;      0.0;      0.0; 0; 0; ; ; 0; -1; 8; 0; -1
  152Р; 0; 960208; 692637; -1; -1; 36; 0; -1; ; ; ; -1;      0.0;      0.0;      0.0;      0.0; 0; 0; ; ; 0; -1; 8; 0; -1
  153Р; 0; 970621; 685735; -1; -1; 36; 0; -1; ; ; ; -1;      0.0;      0.0;      0.0;      0.0; 0; 0; ; ; 0; -1; 8; 0; -1
  154Р; 0; 965179; 690316; -1; -1; 36; 0; -1; ; ; ; -1;      0.0;      0.0;      0.0;      0.0; 0; 0; ; ; 0; -1; 8; 0; -1
  155Р; 0; 956414; 692939; -1; -1; 36; 0; -1; ; ; ; -1;      0.0;      0.0;      0.0;      0.0; 0; 0; ; ; 0; 8; 8; 0; -1
  157Р; 0; 968005; 691952; -1; -1; 36; 0; -1; ; ; ; -1;      0.0;      0.0;      0.0;      0.0; 0; 0; ; ; 0; -1; 8; 0; -1
  158Р; 0; 961858; 684181; -1; -1; 36; 0; -1; ; ; ; -1;      0.0;      0.0;      0.0;      0.0; 0; 0; ; ; 0; -1; 8; 0; -1
  159Р; 0; 957721; 684072; -1; -1; 36; 0; -1; ; ; ; -1;      0.0;      0.0;      0.0;      0.0; 0; 0; ; ; 0; 8; 8; 0; -1
  160Р; 0; 971892; 689512; -1; -1; 36; 0; -1; ; ; ; -1;      0.0;      0.0;      0.0;      0.0; 0; 0; ; ; 0; -1; 8; 0; -1
  161П; 0; 976367; 689628; -1; -1; 36; 0; -1; ; ; ; -1;      0.0;      0.0;      0.0;      0.0; 0; 0; ; ; 0; 8; 8; 0; -1
  162Р; 0; 982693; 696061; -1; -1; 36; 0; -1; ; ; ; -1;      0.0;      0.0;      0.0;      0.0; 0; 0; ; ; 0; -1; 8; 0; -1
  163Р; 0; 973606; 669491; -1; -1; 36; 0; -1; ; ; ; -1;      0.0;      0.0;      0.0;      0.0; 0; 0; ; ; 0; -1; 8; 0; -1
  164Р; 0; 974311; 688000; -1; -1; 36; 0; -1; ; ; ; -1;      0.0;      0.0;      0.0;      0.0; 0; 0; ; ; 0; -1; 8; 0; -1
  165П; 0; 968307; 689002; -1; -1; 36; 0; -1; ; ; ; -1;      0.0;      0.0;      0.0;      0.0; 0; 0; ; ; 0; 8; 8; 0; -1
  166Р; 0; 966174; 680721; -1; -1; 36; 0; -1; ; ; ; -1;      0.0;      0.0;      0.0;      0.0; 0; 0; ; ; 0; -1; 8; 0; -1
  167Р; 0; 981170; 698705; -1; -1; 36; 0; -1; ; ; ; -1;      0.0;      0.0;      0.0;      0.0; 0; 0; ; ; 0; -1; 8; 0; -1
  168Р; 0; 964684; 684670; -1; -1; 36; 0; -1; ; ; ; -1;      0.0;      0.0;      0.0;      0.0; 0; 0; ; ; 0; -1; 8; 0; -1
  170Р; 0; 957880; 688994; -1; -1; 36; 0; -1; ; ; ; -1;      0.0;      0.0;      0.0;      0.0; 0; 0; ; ; 0; 8; 8; 0; -1
  171Р; 0; 963958; 693615; -1; -1; 36; 0; -1; ; ; ; -1;      0.0;      0.0;      0.0;      0.0; 0; 0; ; ; 0; 8; 8; 0; -1
  173Р; 0; 953582; 695564; -1; -1; 36; 0; -1; ; ; ; -1;      0.0;      0.0;      0.0;      0.0; 0; 0; ; ; 0; 8; 8; 0; -1
  174Р; 0; 950863; 696789; -1; -1; 36; 0; -1; ; ; ; -1;      0.0;      0.0;      0.0;      0.0; 0; 0; ; ; 0; 8; 8; 0; -1
  175Р; 0; 950315; 693898; -1; -1; 36; 0; -1; ; ; ; -1;      0.0;      0.0;      0.0;      0.0; 0; 0; ; ; 0; 8; 8; 0; -1
  176Р; 0; 954630; 699112; -1; -1; 36; 0; -1; ; ; ; -1;      0.0;      0.0;      0.0;      0.0; 0; 0; ; ; 0; 8; 8; 0; -1
  177Р; 0; 952787; 699452; -1; -1; 36; 0; -1; ; ; ; -1;      0.0;      0.0;      0.0;      0.0; 0; 0; ; ; 0; 8; 8; 0; -1
  178Р; 0; 948370; 699965; -1; -1; 36; 0; -1; ; ; ; -1;      0.0;      0.0;      0.0;      0.0; 0; 0; ; ; 0; 8; 8; 0; -1
  179Р; 0; 984212; 681294; -1; -1; 36; 0; -1; ; ; ; -1;      0.0;      0.0;      0.0;      0.0; 0; 0; ; ; 0; -1; 8; 0; -1
  179У; 40; 951783; 700769; -1; -1; 54; 0; -1; ; ; ; -1;      0.0;      0.0;      0.0;      0.0; 0; 0; ; ; 0; 2; 1; 6; -1
  180Р; 0; 955627; 696336; -1; -1; 36; 0; -1; ; ; ; -1;      0.0;      0.0;      0.0;      0.0; 0; 0; ; ; 0; 8; 8; 0; -1
  181Р; 0; 957999; 695171; -1; -1; 36; 0; -1; ; ; ; -1;      0.0;      0.0;      0.0;      0.0; 0; 0; ; ; 0; 8; 8; 0; -1
  182П; 0; 968017; 697192; -1; -1; 36; 0; -1; ; ; ; -1;      0.0;      0.0;      0.0;      0.0; 0; 0; ; ; 0; 8; 8; 0; -1
  183Р; 0; 971523; 696048; -1; -1; 36; 0; -1; ; ; ; -1;      0.0;      0.0;      0.0;      0.0; 0; 0; ; ; 0; -1; 8; 0; -1
  185П; 0; 962905; 704053; -1; -1; 36; 0; -1; ; ; ; -1;      0.0;      0.0;      0.0;      0.0; 0; 0; ; ; 0; 8; 8; 0; -1
  186Р; 0; 992377; 701179; -1; -1; 36; 0; -1; ; ; ; -1;      0.0;      0.0;      0.0;      0.0; 0; 0; ; ; 0; -1; 8; 0; -1
  187Р; 0; 947722; 697217; -1; -1; 36; 0; -1; ; ; ; -1;      0.0;      0.0;      0.0;      0.0; 0; 0; ; ; 0; 8; 8; 0; -1
  188П; 0; 944803; 694945; -1; -1; 36; 0; -1; ; ; ; -1;      0.0;      0.0;      0.0;      0.0; 0; 0; ; ; 0; 8; 8; 0; -1
  189Р; 0; 941816; 693517; -1; -1; 36; 0; -1; ; ; ; -1;      0.0;      0.0;      0.0;      0.0; 0; 0; ; ; 0; 8; 8; 0; -1
  191Р; 0; 967996; 699436; -1; -1; 36; 0; -1; ; ; ; -1;      0.0;      0.0;      0.0;      0.0; 0; 0; ; ; 0; -1; 8; 0; -1
  192Р; 0; 943557; 698233; -1; -1; 36; 0; -1; ; ; ; -1;      0.0;      0.0;      0.0;      0.0; 0; 0; ; ; 0; 8; 8; 0; -1
  194Р; 0; 956957; 698463; -1; -1; 36; 0; -1; ; ; ; -1;      0.0;      0.0;      0.0;      0.0; 0; 0; ; ; 0; 8; 8; 0; -1
  195Р; 0; 972132; 692668; -1; -1; 36; 0; -1; ; ; ; -1;      0.0;      0.0;      0.0;      0.0; 0; 0; ; ; 0; 8; 8; 0; -1
  196Р; 0; 974372; 694720; -1; -1; 36; 0; -1; ; ; ; -1;      0.0;      0.0;      0.0;      0.0; 0; 0; ; ; 0; -1; 8; 0; -1
  198Р; 0; 969650; 690934; -1; -1; 36; 0; -1; ; ; ; -1;      0.0;      0.0;      0.0;      0.0; 0; 0; ; ; 0; -1; 8; 0; -1
  209Р; 0; 962109; 692215; -1; -1; 36; 0; -1; ; ; ; -1;      0.0;      0.0;      0.0;      0.0; 0; 0; ; ; 0; 8; 8; 0; -1
  215Р; 0; 959667; 700319; -1; -1; 36; 0; -1; ; ; ; -1;      0.0;      0.0;      0.0;      0.0; 0; 0; ; ; 0; 8; 8; 0; -1
  217Р; 0; 961468; 700737; -1; -1; 36; 0; -1; ; ; ; -1;      0.0;      0.0;      0.0;      0.0; 0; 0; ; ; 0; 8; 8; 0; -1
  230Р; 0; 937180; 695118; -1; -1; 36; 0; -1; ; ; ; -1;      0.0;      0.0;      0.0;      0.0; 0; 0; ; ; 0; 8; 8; 0; -1
  231Р; 0; 944684; 692474; -1; -1; 36; 0; -1; ; ; ; -1;      0.0;      0.0;      0.0;      0.0; 0; 0; ; ; 0; 8; 8; 0; -1
  232Р; 0; 937412; 689763; -1; -1; 36; 0; -1; ; ; ; -1;      0.0;      0.0;      0.0;      0.0; 0; 0; ; ; 0; 8; 8; 0; -1
  920У; 6; 945263; 697083; 946049; 697322; 22; 8421504; -1; ; ; ; -1;      0.0;      0.0;      0.0;      0.0; 0; 0; ; ; 0; -1; -1; -1; -1
 1003У; 13; 949321; 695700; -1; -1; 73; 0; -1; 322 - 25; ; ; -1;      0.0;      0.0;      0.0;      0.0; 0; 0; ; ; 0; 1; 1; 14; -1
 1222; 17; 950705; 698045; -1; -1; 68; 32768; 32768; 294 - 25; ; ; -1;      0.0;      0.0;      0.0;      0.0; 0; 0; ; ; 0; 1; 2; 1; -1
 1225У; 14; 950071; 698497; -1; -1; 22; 8421504; -1; ; ; ; 60;      0.0;      0.0;      0.0;      0.0; 0; 0; ; ; 0; 1; 1; 12; 2
 1229Г; 17; 950778; 697638; 950162; 697714; 89; 0; 0; 106 - 24; ; ; -1;      0.0;      0.0;      0.0;      0.0; 0; 0; ; ; 0; 1; 1; 1; -1
 1236У; 14; 949049; 698514; -1; -1; 56; 0; -1; 117 - 25; ; ; -1;      0.0;      0.0;      0.0;      0.0; 0; 0; ; ; 0; 1; 1; 9; -1
 1239Г; 14; 949193; 698025; 949502; 698283; 89; 0; 0; 212 - 25; ; ; -1;      0.0;      0.0;      0.0;      0.0; 0; 0; ; ; 0; 1; 1; 1; -1
 1247У; 14; 949700; 697864; -1; -1; 89; 0; 0; 114 - 24; ; ; -1;    122.2;     57.7;      0.0;      0.0; 743; 0; ; ; 0; 1; 1; 1; -1
 1263; 21; 954703; 695471; -1; -1; 117; 0; -1; ; ; ; -1;      0.0;      0.0;      0.0;      0.0; 0; 0; ; ; 0; 1; 1; 16; -1
 1275Г; 17; 951547; 698290; 951000; 698442; 73; 0; -1; 304 - 25; ; ; -1;      0.0;      0.0;      0.0;      0.0; 0; 0; ; ; 0; 1; 1; 14; -1
 1277Н; 21; 955643; 696756; -1; -1; 68; 32768; 32768; 338 - 25; ; ; -1;      0.0;      0.0;      0.0;      0.0; 0; 0; ; ; 0; 2; 2; 1; -1
 1285У; 17; 951685; 697741; -1; -1; 22; 8421504; -1; ; ; ; 60;      0.0;      0.0;      0.0;      0.0; 0; 0; ; ; 0; 1; 1; 12; 2
 1335У; 23; 955768; 697064; -1; -1; 22; 8421504; -1; ; ; ; 60;      0.0;      0.0;      0.0;      0.0; 0; 0; ; ; 0; 1; 1; 12; 2
 2066У; 28; 943372; 691693; -1; -1; 22; 8421504; -1; ; ; ; 60;      0.0;      0.0;      0.0;      0.0; 0; 0; ; ; 0; 2; 1; 12; 2
 2082У; 27; 945222; 692156; -1; -1; 22; 8421504; -1; ; ; ; 60;      0.0;      0.0;      0.0;      0.0; 0; 0; ; ; 0; 2; 1; 12; 2
 2085У; 28; 941774; 692155; -1; -1; 22; 8421504; -1; ; ; ; 60;      0.0;      0.0;      0.0;      0.0; 0; 0; ; ; 0; 2; 1; 12; 2
 2090У; 5; 945973; 692047; -1; -1; 22; 8421504; -1; ; ; ; 60;      0.0;      0.0;      0.0;      0.0; 0; 0; ; ; 0; 2; 1; 2; 2
 2093У; 5; 945822; 692950; -1; -1; 68; 32768; 32768; 313 - 24; ; ; -1;      0.0;      0.0;   1649.0;      0.0; 0; 744; ; ; 0; 2; 2; 1; -1
 2100У; 5; 947074; 693247; -1; -1; 117; 0; -1; 312 - 24; ; ; -1;      0.0;      0.0;      0.0;      0.0; 0; 0; ; ; 0; 2; 1; 16; -1
 2111У; 5; 946868; 692268; -1; -1; 22; 8421504; -1; ; ; ; 60;      0.0;      0.0;      0.0;      0.0; 0; 0; ; ; 0; 2; 1; 16; 2
 2120; 21; 955131; 695903; -1; -1; 68; 32768; 32768; 316 - 25; ; ; -1;      0.0;      0.0;      0.0;      0.0; 0; 0; ; ; 0; 2; 2; 1; -1
 2129У; 17; 950471; 698596; -1; -1; 22; 8421504; -1; ; ; ; 60;      0.0;      0.0;      0.0;      0.0; 0; 0; ; ; 0; 2; 2; 2; 2
 2132У; 17; 951234; 697240; -1; -1; 22; 8421504; -1; ; ; ; 60;      0.0;      0.0;      0.0;      0.0; 0; 0; ; ; 0; 2; 1; 2; 2
 2153У; 18; 954684; 696920; -1; -1; 89; 0; 0; ; ; ; -1;     35.4;     23.0;      0.0;      0.0; 732; 0; ; ; 0; 2; 1; 1; -1
 2158У; 18; 954438; 697816; -1; -1; 22; 8421504; -1; ; ; ; 60;      0.0;      0.0;      0.0;      0.0; 0; 0; ; ; 0; 2; 1; 2; 2
 2161У; 20; 955478; 698960; -1; -1; 22; 8421504; -1; ; ; ; 60;      0.0;      0.0;      0.0;      0.0; 0; 0; ; ; 0; 2; 1; 12; 2
 2178У; 20; 954003; 699558; -1; -1; 22; 8421504; -1; ; ; ; 60;      0.0;      0.0;      0.0;      0.0; 0; 0; ; ; 0; 2; 1; 12; 2
 2199У; 40; 952757; 699296; -1; -1; 22; 8421504; -1; ; ; ; 60;      0.0;      0.0;      0.0;      0.0; 0; 0; ; ; 0; 2; 1; 12; 2
 2220; 17; 950777; 697215; -1; -1; 22; 8421504; -1; ; ; ; 60;      0.0;      0.0;      0.0;      0.0; 0; 0; ; ; 0; 2; 2; 2; 2
 2225У; 17; 951417; 698833; -1; -1; 68; 32768; 32768; 314 - 24; ; ; -1;      0.0;      0.0;      0.0;      0.0; 0; 0; ; ; 0; 2; 2; 1; 6
 2226У; 17; 951827; 697198; -1; -1; 22; 8421504; -1; ; ; ; 60;      0.0;      0.0;      0.0;      0.0; 0; 0; ; ; 0; 2; 1; 12; 2
 2227; 17; 949800; 697409; -1; -1; 96; 32768; -1; 344 - 25; ; ; -1;      0.0;      0.0;      3.0;      0.0; 0; 24; ; ; 0; 2; 2; 2; -1
 2230; 14; 949516; 698757; -1; -1; 68; 32768; 32768; 326 - 25; ; ; -1;      0.0;      0.0;      0.0;      0.0; 0; 0; ; ; 0; 2; 2; 1; -1
 2231У; 18; 953172; 697511; -1; -1; 89; 0; 0; 253 - 24; ; ; -1;     39.8;    149.4;      0.0;      0.0; 550; 0; ; ; 0; 2; 1; 1; -1
 2241У; 12Б; 951073; 695140; -1; -1; 89; 0; 0; ; ; ; -1;     47.2;    283.9;      0.0;      0.0; 744; 0; ; ; 0; 2; 1; 1; -1
 2250У; 17; 951220; 697956; -1; -1; 68; 32768; 32768; 306 - 25; ; ; -1;      0.0;      0.0;      0.0;      0.0; 0; 0; ; ; 0; 2; 2; 1; -1
 3000; 1; 952778; 694975; -1; -1; 89; 0; 0; ; ; ; -1;    164.8;     36.9;      0.0;      0.0; 743; 0; ; ; 0; 1; 1; 1; -1
 3001; 1; 952619; 695434; -1; -1; 22; 8421504; -1; ; ; ; 60;      0.0;      0.0;      0.0;      0.0; 0; 0; ; ; 0; 1; 1; 16; 2
 3002; 1; 953235; 694907; -1; -1; 117; 0; -1; ; ; ; -1;      0.0;      0.0;      0.0;      0.0; 0; 0; ; ; 0; 1; 1; 16; -1
 3003; 1; 953004; 695813; -1; -1; 22; 8421504; -1; ; ; ; 60;      0.0;      0.0;      0.0;      0.0; 0; 0; ; ; 0; 1; 1; 9; 2
 3004; 1; 953607; 695189; -1; -1; 225; 32768; -1; 350 - 25; ; ; -1;      0.0;      0.0;      0.0;      0.0; 0; 0; ; ; 0; 1; 2; 16; -1
 3005; 1; 953447; 695672; -1; -1; 55; 0; -1; ; ; ; 171;      0.0;      0.0;      0.0;      0.0; 0; 0; ; ; 0; 1; 1; 7; 4
 3005Л; 1; 953677; 695688; 953989; 695665; 73; 0; -1; 158 - 25; ; ; -1;      0.0;      0.0;      0.0;      0.0; 0; 0; ; ; 0; 1; 1; 14; -1
 3005Л; ; 953681; 695681; 953860; 695670; 22; 8421504; -1; ; ; ; -1;      0.0;      0.0;      0.0;      0.0; 0; 0; ; ; 0; -1; -1; -1; -1
 3025Г; 5; 945922; 693392; 946827; 693604; 89; 0; 0; 200 - 24; ; ; -1;     93.6;      8.7;      0.0;      0.0; 744; 0; ; ; 0; 1; 1; 1; -1
 3026Г; 5; 946377; 692623; 946884; 692778; 51; 0; -1; 112 - 24; ; ; -1;    135.9;     70.2;      0.0;      0.0; 744; 0; ; ; 0; 1; 1; 2; -1
 3051; 21; 955262; 695486; -1; -1; 73; 0; -1; 271 - 25; ; ; -1;      0.0;      0.0;      0.0;      0.0; 0; 0; ; ; 0; 1; 1; 14; -1
 3054; 21; 955667; 695937; -1; -1; 55; 0; -1; ; ; ; -1;      0.0;      0.0;      0.0;      0.0; 0; 0; ; ; 0; 1; 1; 7; -1
 3054Л; 21; 955580; 696296; 955335; 696458; 117; 0; -1; 201 - 25; ; ; -1;      0.0;      0.0;      0.0;      0.0; 0; 0; ; ; 0; 1; 1; 16; -1
 3502; ; 947203; 698019; 947007; 698100; 22; 8421504; -1; ; ; ; -1;      0.0;      0.0;      0.0;      0.0; 0; 0; ; ; 0; -1; -1; -1; -1
 4001; 14; 949038; 697304; -1; -1; 22; 8421504; -1; ; ; ; 60;      0.0;      0.0;      0.0;      0.0; 0; 0; ; ; 0; 1; 2; 2; 2
 5000; 1; 953121; 695374; -1; -1; 225; 32768; -1; 338 - 25; ; ; -1;      0.0;      0.0;      0.0;      0.0; 0; 0; ; ; 0; 2; 2; 16; -1
 5013; 5; 945728; 693744; -1; -1; 68; 32768; 32768; 310 - 25; ; ; -1;      0.0;      0.0;    431.0;      0.0; 0; 744; ; ; 0; 2; 2; 1; -1
 5014; 5; 946922; 694051; -1; -1; 68; 32768; 32768; 312 - 25; ; ; -1;      0.0;      0.0;    977.0;      0.0; 0; 744; ; ; 0; 2; 2; 1; -1
