    1Đ; 0;      0.0;      0.0;      0.0;      0.0; 0; 0; 8; 0; -1; 8; FALSE; FALSE; 36; 0; -1; 36; 0; -1; -1; 
    2Đ; 0;      0.0;      0.0;      0.0;      0.0; 0; 0; 8; 0; -1; 2; FALSE; FALSE; 36; 0; -1; 36; 0; -1; -1; 
    3Đ; 0;      0.0;      0.0;      0.0;      0.0; 0; 0; 8; 0; -1; 8; FALSE; FALSE; 36; 0; -1; 36; 0; -1; -1; 
    7Đ; 0;      0.0;      0.0;      0.0;      0.0; 0; 0; 8; 7; -1; 8; FALSE; FALSE; 41; 0; -1; 41; 0; -1; -1; 
   45Đ; 0;      0.0;      0.0;      0.0;      0.0; 0; 0; 8; 0; -1; 8; FALSE; FALSE; 36; 0; -1; 36; 0; -1; -1; 
   85Đ; 0;      0.0;      0.0;      0.0;      0.0; 0; 0; 8; 0; -1; 8; FALSE; FALSE; 36; 0; -1; 36; 0; -1; -1; 
   92Đ; 0;      0.0;      0.0;      0.0;      0.0; 0; 0; 8; 0; -1; 8; FALSE; FALSE; 36; 0; -1; 36; 0; -1; -1; 
   94Ď; 0;      0.0;      0.0;      0.0;      0.0; 0; 0; 8; 0; -1; 8; FALSE; FALSE; 36; 0; -1; 36; 0; -1; -1; 
   97Đ; 0;      0.0;      0.0;      0.0;      0.0; 0; 0; 8; 0; -1; 8; FALSE; FALSE; 36; 0; -1; 36; 0; -1; -1; 
   98Đ; 0;      0.0;      0.0;      0.0;      0.0; 0; 0; 8; 0; -1; 8; FALSE; FALSE; 36; 0; -1; 36; 0; -1; -1; 
  113Đ; 0;      0.0;      0.0;      0.0;      0.0; 0; 0; 8; 0; -1; -1; FALSE; FALSE; 36; 0; -1; 36; 0; -1; -1; 
  116Đ; 0;      0.0;      0.0;      0.0;      0.0; 0; 0; 8; 0; -1; 8; FALSE; FALSE; 36; 0; -1; 36; 0; -1; -1; 
  118Đ; 0;      0.0;      0.0;      0.0;      0.0; 0; 0; 8; 0; -1; 8; FALSE; FALSE; 36; 0; -1; 36; 0; -1; -1; 
  150Đ; 0;      0.0;      0.0;      0.0;      0.0; 0; 0; 8; 0; -1; -1; FALSE; FALSE; 36; 0; -1; 36; 0; -1; -1; 
  151Đ; 0;      0.0;      0.0;      0.0;      0.0; 0; 0; 8; 0; -1; -1; FALSE; FALSE; 36; 0; -1; 36; 0; -1; -1; 
  152Đ; 0;      0.0;      0.0;      0.0;      0.0; 0; 0; 8; 0; -1; -1; FALSE; FALSE; 36; 0; -1; 36; 0; -1; -1; 
  153Đ; 0;      0.0;      0.0;      0.0;      0.0; 0; 0; 8; 0; -1; -1; FALSE; FALSE; 36; 0; -1; 36; 0; -1; -1; 
  154Đ; 0;      0.0;      0.0;      0.0;      0.0; 0; 0; 8; 0; -1; -1; FALSE; FALSE; 36; 0; -1; 36; 0; -1; -1; 
  155Đ; 0;      0.0;      0.0;      0.0;      0.0; 0; 0; 8; 0; -1; 8; FALSE; FALSE; 36; 0; -1; 36; 0; -1; -1; 
  157Đ; 0;      0.0;      0.0;      0.0;      0.0; 0; 0; 8; 0; -1; -1; FALSE; FALSE; 36; 0; -1; 36; 0; -1; -1; 
  158Đ; 0;      0.0;      0.0;      0.0;      0.0; 0; 0; 8; 0; -1; -1; FALSE; FALSE; 36; 0; -1; 36; 0; -1; -1; 
  159Đ; 0;      0.0;      0.0;      0.0;      0.0; 0; 0; 8; 0; -1; 8; FALSE; FALSE; 36; 0; -1; 36; 0; -1; -1; 
  160Đ; 0;      0.0;      0.0;      0.0;      0.0; 0; 0; 8; 0; -1; -1; FALSE; FALSE; 36; 0; -1; 36; 0; -1; -1; 
  161Ď; 0;      0.0;      0.0;      0.0;      0.0; 0; 0; 8; 0; -1; 8; FALSE; FALSE; 36; 0; -1; 36; 0; -1; -1; 
  162Đ; 0;      0.0;      0.0;      0.0;      0.0; 0; 0; 8; 0; -1; -1; FALSE; FALSE; 36; 0; -1; 36; 0; -1; -1; 
  163Đ; 0;      0.0;      0.0;      0.0;      0.0; 0; 0; 8; 0; -1; -1; FALSE; FALSE; 36; 0; -1; 36; 0; -1; -1; 
  164Đ; 0;      0.0;      0.0;      0.0;      0.0; 0; 0; 8; 0; -1; -1; FALSE; FALSE; 36; 0; -1; 36; 0; -1; -1; 
  165Ď; 0;      0.0;      0.0;      0.0;      0.0; 0; 0; 8; 0; -1; 8; FALSE; FALSE; 36; 0; -1; 36; 0; -1; -1; 
  166Đ; 0;      0.0;      0.0;      0.0;      0.0; 0; 0; 8; 0; -1; -1; FALSE; FALSE; 36; 0; -1; 36; 0; -1; -1; 
  167Đ; 0;      0.0;      0.0;      0.0;      0.0; 0; 0; 8; 0; -1; -1; FALSE; FALSE; 36; 0; -1; 36; 0; -1; -1; 
  168Đ; 0;      0.0;      0.0;      0.0;      0.0; 0; 0; 8; 0; -1; -1; FALSE; FALSE; 36; 0; -1; 36; 0; -1; -1; 
  170Đ; 0;      0.0;      0.0;      0.0;      0.0; 0; 0; 8; 0; -1; 8; FALSE; FALSE; 36; 0; -1; 36; 0; -1; -1; 
  171Đ; 0;      0.0;      0.0;      0.0;      0.0; 0; 0; 8; 0; -1; 8; FALSE; FALSE; 36; 0; -1; 36; 0; -1; -1; 
  173Đ; 0;      0.0;      0.0;      0.0;      0.0; 0; 0; 8; 0; -1; 8; FALSE; FALSE; 36; 0; -1; 36; 0; -1; -1; 
  174Đ; 0;      0.0;      0.0;      0.0;      0.0; 0; 0; 8; 0; -1; 8; FALSE; FALSE; 36; 0; -1; 36; 0; -1; -1; 
  175Đ; 0;      0.0;      0.0;      0.0;      0.0; 0; 0; 8; 0; -1; 8; FALSE; FALSE; 36; 0; -1; 36; 0; -1; -1; 
  176Đ; 0;      0.0;      0.0;      0.0;      0.0; 0; 0; 8; 0; -1; 8; FALSE; FALSE; 36; 0; -1; 36; 0; -1; -1; 
  177Đ; 0;      0.0;      0.0;      0.0;      0.0; 0; 0; 8; 0; -1; 8; FALSE; FALSE; 36; 0; -1; 36; 0; -1; -1; 
  178Đ; 0;      0.0;      0.0;      0.0;      0.0; 0; 0; 8; 0; -1; 8; FALSE; FALSE; 36; 0; -1; 36; 0; -1; -1; 
  179Đ; 0;      0.0;      0.0;      0.0;      0.0; 0; 0; 8; 0; -1; -1; FALSE; FALSE; 36; 0; -1; 36; 0; -1; -1; 
  179Ó; 0;      0.0;      0.0;      0.0;      0.0; 0; 0; 1; 6; -1; 2; FALSE; FALSE; 54; 0; -1; 54; 0; -1; -1; 
  180Đ; 0;      0.0;      0.0;      0.0;      0.0; 0; 0; 8; 0; -1; 8; FALSE; FALSE; 36; 0; -1; 36; 0; -1; -1; 
  181Đ; 0;      0.0;      0.0;      0.0;      0.0; 0; 0; 8; 0; -1; 8; FALSE; FALSE; 36; 0; -1; 36; 0; -1; -1; 
  182Ď; 0;      0.0;      0.0;      0.0;      0.0; 0; 0; 8; 0; -1; 8; FALSE; FALSE; 36; 0; -1; 36; 0; -1; -1; 
  183Đ; 0;      0.0;      0.0;      0.0;      0.0; 0; 0; 8; 0; -1; -1; FALSE; FALSE; 36; 0; -1; 36; 0; -1; -1; 
  185Ď; 0;      0.0;      0.0;      0.0;      0.0; 0; 0; 8; 0; -1; 8; FALSE; FALSE; 36; 0; -1; 36; 0; -1; -1; 
  186Đ; 0;      0.0;      0.0;      0.0;      0.0; 0; 0; 8; 0; -1; -1; FALSE; FALSE; 36; 0; -1; 36; 0; -1; -1; 
  187Đ; 0;      0.0;      0.0;      0.0;      0.0; 0; 0; 8; 0; -1; 8; FALSE; FALSE; 36; 0; -1; 36; 0; -1; -1; 
  188Ď; 0;      0.0;      0.0;      0.0;      0.0; 0; 0; 8; 0; -1; 8; FALSE; FALSE; 36; 0; -1; 36; 0; -1; -1; 
  189Đ; 0;      0.0;      0.0;      0.0;      0.0; 0; 0; 8; 0; -1; 8; FALSE; FALSE; 36; 0; -1; 36; 0; -1; -1; 
  191Đ; 0;      0.0;      0.0;      0.0;      0.0; 0; 0; 8; 0; -1; -1; FALSE; FALSE; 36; 0; -1; 36; 0; -1; -1; 
  192Đ; 0;      0.0;      0.0;      0.0;      0.0; 0; 0; 8; 0; -1; 8; FALSE; FALSE; 36; 0; -1; 36; 0; -1; -1; 
  194Đ; 0;      0.0;      0.0;      0.0;      0.0; 0; 0; 8; 0; -1; 8; FALSE; FALSE; 36; 0; -1; 36; 0; -1; -1; 
  195Đ; 0;      0.0;      0.0;      0.0;      0.0; 0; 0; 8; 0; -1; 8; FALSE; FALSE; 36; 0; -1; 36; 0; -1; -1; 
  196Đ; 0;      0.0;      0.0;      0.0;      0.0; 0; 0; 8; 0; -1; -1; FALSE; FALSE; 36; 0; -1; 36; 0; -1; -1; 
  198Đ; 0;      0.0;      0.0;      0.0;      0.0; 0; 0; 8; 0; -1; -1; FALSE; FALSE; 36; 0; -1; 36; 0; -1; -1; 
  209Đ; 0;      0.0;      0.0;      0.0;      0.0; 0; 0; 8; 0; -1; 8; FALSE; FALSE; 36; 0; -1; 36; 0; -1; -1; 
  215Đ; 0;      0.0;      0.0;      0.0;      0.0; 0; 0; 8; 0; -1; 8; FALSE; FALSE; 36; 0; -1; 36; 0; -1; -1; 
  217Đ; 0;      0.0;      0.0;      0.0;      0.0; 0; 0; 8; 0; -1; 8; FALSE; FALSE; 36; 0; -1; 36; 0; -1; -1; 
  230Đ; 0;      0.0;      0.0;      0.0;      0.0; 0; 0; 8; 0; -1; 8; FALSE; FALSE; 36; 0; -1; 36; 0; -1; -1; 
  231Đ; 0;      0.0;      0.0;      0.0;      0.0; 0; 0; 8; 0; -1; 8; FALSE; FALSE; 36; 0; -1; 36; 0; -1; -1; 
  232Đ; 0;      0.0;      0.0;      0.0;      0.0; 0; 0; 8; 0; -1; 8; FALSE; FALSE; 36; 0; -1; 36; 0; -1; -1; 
  920Ó; 1;      0.0;      0.0;      0.0;      0.0; 0; 0; -1; -1; -1; -1; FALSE; FALSE; 22; 8421504; -1; 22; 8421504; -1; -1; 
 1003Ó; 0;      0.0;      0.0;      0.0;      0.0; 0; 0; 1; 14; -1; 1; FALSE; FALSE; 73; 0; -1; 73; 0; -1; -1; 
 1222; 0;      0.0;      0.0;      0.0;      0.0; 0; 0; 2; 1; -1; 1; FALSE; FALSE; 68; 32768; 32768; 68; 32768; 32768; -1; 
 1225Ó; 0;      0.0;      0.0;      0.0;      0.0; 0; 0; 1; 12; 2; 1; TRUE; TRUE; 22; 8421504; -1; 22; 8421504; -1; 60; 
 1229Ă; 0;      0.0;      0.0;      0.0;      0.0; 0; 0; 1; 1; -1; 1; FALSE; FALSE; 89; 0; 0; 89; 0; 0; -1; 
 1236Ó; 0;      0.0;      0.0;      0.0;      0.0; 0; 0; 1; 9; -1; 1; FALSE; FALSE; 56; 0; -1; 56; 0; -1; -1; 
 1239Ă; 0;      0.0;      0.0;      0.0;      0.0; 0; 0; 1; 1; -1; 1; FALSE; FALSE; 89; 0; 0; 89; 0; 0; -1; 
 1247Ó; 0;    122.2;     57.7;      0.0;      0.0; 743; 0; 1; 1; -1; 1; FALSE; FALSE; 89; 0; 0; 89; 0; 0; -1; 
 1263; 0;      0.0;      0.0;      0.0;      0.0; 0; 0; 1; 16; -1; 1; FALSE; FALSE; 117; 0; -1; 117; 0; -1; -1; 
 1275Ă; 0;      0.0;      0.0;      0.0;      0.0; 0; 0; 1; 14; -1; 1; FALSE; FALSE; 73; 0; -1; 73; 0; -1; -1; 
 1277Í; 0;      0.0;      0.0;      0.0;      0.0; 0; 0; 2; 1; -1; 2; FALSE; FALSE; 68; 32768; 32768; 68; 32768; 32768; -1; 
 1285Ó; 0;      0.0;      0.0;      0.0;      0.0; 0; 0; 1; 12; 2; 1; TRUE; TRUE; 22; 8421504; -1; 22; 8421504; -1; 60; 
 1335Ó; 0;      0.0;      0.0;      0.0;      0.0; 0; 0; 1; 12; 2; 1; TRUE; TRUE; 22; 8421504; -1; 22; 8421504; -1; 60; 
 2066Ó; 0;      0.0;      0.0;      0.0;      0.0; 0; 0; 1; 12; 2; 2; TRUE; TRUE; 22; 8421504; -1; 22; 8421504; -1; 60; 
 2082Ó; 0;      0.0;      0.0;      0.0;      0.0; 0; 0; 1; 12; 2; 2; TRUE; TRUE; 22; 8421504; -1; 22; 8421504; -1; 60; 
 2085Ó; 0;      0.0;      0.0;      0.0;      0.0; 0; 0; 1; 12; 2; 2; TRUE; TRUE; 22; 8421504; -1; 22; 8421504; -1; 60; 
 2090Ó; 0;      0.0;      0.0;      0.0;      0.0; 0; 0; 1; 2; 2; 2; TRUE; TRUE; 22; 8421504; -1; 22; 8421504; -1; 60; 
 2093Ó; 0;      0.0;      0.0;   1649.0;      0.0; 0; 744; 2; 1; -1; 2; FALSE; FALSE; 68; 32768; 32768; 68; 32768; 32768; -1; 
 2100Ó; 0;      0.0;      0.0;      0.0;      0.0; 0; 0; 1; 16; -1; 2; FALSE; FALSE; 117; 0; -1; 117; 0; -1; -1; 
 2111Ó; 0;      0.0;      0.0;      0.0;      0.0; 0; 0; 1; 16; 2; 2; TRUE; TRUE; 22; 8421504; -1; 22; 8421504; -1; 60; 
 2120; 0;      0.0;      0.0;      0.0;      0.0; 0; 0; 2; 1; -1; 2; FALSE; FALSE; 68; 32768; 32768; 68; 32768; 32768; -1; 
 2129Ó; 0;      0.0;      0.0;      0.0;      0.0; 0; 0; 2; 2; 2; 2; TRUE; TRUE; 22; 8421504; -1; 22; 8421504; -1; 60; 
 2132Ó; 0;      0.0;      0.0;      0.0;      0.0; 0; 0; 1; 2; 2; 2; TRUE; TRUE; 22; 8421504; -1; 22; 8421504; -1; 60; 
 2153Ó; 0;     35.4;     23.0;      0.0;      0.0; 732; 0; 1; 1; -1; 2; FALSE; FALSE; 89; 0; 0; 89; 0; 0; -1; 
 2158Ó; 0;      0.0;      0.0;      0.0;      0.0; 0; 0; 1; 2; 2; 2; TRUE; TRUE; 22; 8421504; -1; 22; 8421504; -1; 60; 
 2161Ó; 0;      0.0;      0.0;      0.0;      0.0; 0; 0; 1; 12; 2; 2; TRUE; TRUE; 22; 8421504; -1; 22; 8421504; -1; 60; 
 2178Ó; 0;      0.0;      0.0;      0.0;      0.0; 0; 0; 1; 12; 2; 2; TRUE; TRUE; 22; 8421504; -1; 22; 8421504; -1; 60; 
 2199Ó; 0;      0.0;      0.0;      0.0;      0.0; 0; 0; 1; 12; 2; 2; TRUE; TRUE; 22; 8421504; -1; 22; 8421504; -1; 60; 
 2220; 0;      0.0;      0.0;      0.0;      0.0; 0; 0; 2; 2; 2; 2; TRUE; TRUE; 22; 8421504; -1; 22; 8421504; -1; 60; 
 2225Ó; 0;      0.0;      0.0;      0.0;      0.0; 0; 0; 2; 1; 6; 2; FALSE; FALSE; 68; 32768; 32768; 68; 32768; 32768; -1; 
 2226Ó; 0;      0.0;      0.0;      0.0;      0.0; 0; 0; 1; 12; 2; 2; TRUE; TRUE; 22; 8421504; -1; 22; 8421504; -1; 60; 
 2227; 0;      0.0;      0.0;      3.0;      0.0; 0; 24; 2; 2; -1; 2; FALSE; FALSE; 96; 32768; -1; 96; 32768; -1; -1; 
 2230; 0;      0.0;      0.0;      0.0;      0.0; 0; 0; 2; 1; -1; 2; FALSE; FALSE; 68; 32768; 32768; 68; 32768; 32768; -1; 
 2231Ó; 0;     39.8;    149.4;      0.0;      0.0; 550; 0; 1; 1; -1; 2; FALSE; FALSE; 89; 0; 0; 89; 0; 0; -1; 
 2241Ó; 0;     47.2;    283.9;      0.0;      0.0; 744; 0; 1; 1; -1; 2; FALSE; FALSE; 89; 0; 0; 89; 0; 0; -1; 
 2250Ó; 0;      0.0;      0.0;      0.0;      0.0; 0; 0; 2; 1; -1; 2; FALSE; FALSE; 68; 32768; 32768; 68; 32768; 32768; -1; 
 3000; 0;    164.8;     36.9;      0.0;      0.0; 743; 0; 1; 1; -1; 1; FALSE; FALSE; 89; 0; 0; 89; 0; 0; -1; 
 3001; 0;      0.0;      0.0;      0.0;      0.0; 0; 0; 1; 16; 2; 1; TRUE; TRUE; 22; 8421504; -1; 22; 8421504; -1; 60; 
 3002; 0;      0.0;      0.0;      0.0;      0.0; 0; 0; 1; 16; -1; 1; FALSE; FALSE; 117; 0; -1; 117; 0; -1; -1; 
 3003; 0;      0.0;      0.0;      0.0;      0.0; 0; 0; 1; 9; 2; 1; TRUE; TRUE; 22; 8421504; -1; 22; 8421504; -1; 60; 
 3004; 0;      0.0;      0.0;      0.0;      0.0; 0; 0; 2; 16; -1; 1; FALSE; FALSE; 225; 32768; -1; 225; 32768; -1; -1; 
 3005; 0;      0.0;      0.0;      0.0;      0.0; 0; 0; 1; 7; 4; 1; FALSE; FALSE; 55; 0; -1; 55; 0; -1; 171; 
 3005Ë; 0;      0.0;      0.0;      0.0;      0.0; 0; 0; 1; 14; -1; 1; FALSE; FALSE; 73; 0; -1; 73; 0; -1; -1; 
 3005Ë; 1;      0.0;      0.0;      0.0;      0.0; 0; 0; -1; -1; -1; -1; FALSE; FALSE; 22; 8421504; -1; 22; 8421504; -1; -1; 
 3025Ă; 0;     93.6;      8.7;      0.0;      0.0; 744; 0; 1; 1; -1; 1; FALSE; FALSE; 89; 0; 0; 89; 0; 0; -1; 
 3026Ă; 0;    135.9;     70.2;      0.0;      0.0; 744; 0; 1; 2; -1; 1; FALSE; FALSE; 51; 0; -1; 51; 0; -1; -1; 
 3051; 0;      0.0;      0.0;      0.0;      0.0; 0; 0; 1; 14; -1; 1; FALSE; FALSE; 73; 0; -1; 73; 0; -1; -1; 
 3054; 0;      0.0;      0.0;      0.0;      0.0; 0; 0; 1; 7; -1; 1; FALSE; FALSE; 55; 0; -1; 55; 0; -1; -1; 
 3054Ë; 0;      0.0;      0.0;      0.0;      0.0; 0; 0; 1; 16; -1; 1; FALSE; FALSE; 117; 0; -1; 117; 0; -1; -1; 
 3502; 1;      0.0;      0.0;      0.0;      0.0; 0; 0; -1; -1; -1; -1; FALSE; FALSE; 22; 8421504; -1; 22; 8421504; -1; -1; 
 4001; 0;      0.0;      0.0;      0.0;      0.0; 0; 0; 2; 2; 2; 1; TRUE; TRUE; 22; 8421504; -1; 22; 8421504; -1; 60; 
 5000; 0;      0.0;      0.0;      0.0;      0.0; 0; 0; 2; 16; -1; 2; FALSE; FALSE; 225; 32768; -1; 225; 32768; -1; -1; 
 5013; 0;      0.0;      0.0;    431.0;      0.0; 0; 744; 2; 1; -1; 2; FALSE; FALSE; 68; 32768; 32768; 68; 32768; 32768; -1; 
 5014; 0;      0.0;      0.0;    977.0;      0.0; 0; 744; 2; 1; -1; 2; FALSE; FALSE; 68; 32768; 32768; 68; 32768; 32768; -1; 
